 6.5094   1.3638   2.4016   3.7338
 6.9963   2.0784   1.2413   3.3424
 6.3787   2.4207   0.5251   3.6552
 7.4014   1.8232   2.1315   5.2825
 6.5785   2.3633   1.9933   5.7702
 8.2465   2.7254   5.3655   4.6053
 5.9531   2.2081 -.380955   1.9073
 7.1482   2.6487   1.7494   4.1515
 8.6883   3.4081   2.2435   7.0139
 7.4999   3.7735   2.2907   5.9223
 8.2747   4.8386   2.6108   5.8885
 7.9220   3.5593   2.1764   6.2348
 6.9217   3.7639   3.5392   5.9716
 7.5002   4.0520   3.0851   4.6727
 6.2119   2.5779   1.6644   6.5496
 7.6183   2.3245   3.3985   5.9954
 8.0430   6.2224   0.7935   7.5101
 7.4955   4.7765   2.6664   7.1404
 7.2186   2.0311   1.3960   5.9220
 7.5597   3.2978   2.8318   6.6775
 8.1661   2.1647   4.0700   4.8277
 7.8747   4.4469   3.0718   6.5295
 7.7287   4.1979   1.6217   4.6881
 6.9081   3.0254   1.9311   6.3413
 6.9188   2.3834   2.6248   2.7165
 7.0893   2.6611   4.0654   2.7366
 7.3781   4.9943   0.7663   4.0135
 6.1396   1.8843   1.0682   2.5344
 6.4696   2.2501   4.5850   6.4619
 7.5564   2.5120   3.0534   5.9612
 7.0830   5.0536   3.5411   7.2052
 6.0344   3.0498   2.3272   4.6348
 6.6844   2.4145   2.2979   4.9163
 7.0047   3.0625   1.4290   6.1006
 6.3513   2.0435   1.4428   4.8918
 6.6686   3.6896   0.1932   5.0167
 7.8670   3.9821   1.5047   7.0859
 6.5861   4.4772   1.0563   6.7931
 5.8853   3.9280   0.4762   5.0439
 6.4152   2.4353   1.1154   4.2424
 7.4450   3.0136   0.9198   5.3124
 8.2151   3.3910   3.1286   7.5826
 6.6742   3.6485   2.6930   5.5956
 8.2300   2.1826   2.2721   6.5295
 6.4309   3.4821   1.5777   5.7841
 6.7385   1.9538   2.2761   5.2617
 7.7919   5.2994   0.9329   5.8803
 7.5645   2.1171   2.8550   3.4856
 6.7128   3.7005   2.2040   5.7463
 6.6053   3.7822   4.4402   6.5970
 7.6653   3.3894   4.4536   4.0687
 8.8507   3.4459   3.9001   5.2760
 7.5588   3.7486   3.4675   6.1734
 7.5089   4.2751   3.3091   4.8970
 6.5102   2.7746   0.7678   6.0261
 6.0839   2.3641   2.0602   3.3319
 5.8548   2.2668   1.2759   5.8135
 7.9810   3.4833   1.7280   5.3144
 6.5789   2.4680   2.8594   3.3904
 8.3328   4.5291   1.9787   4.8635
 5.8569   2.4670   1.1717   5.5873
 7.0858   3.1111   3.6776   3.3475
 6.9628   3.5282   3.8769   5.9962
 6.8925   3.1303   3.2555   4.3835
 7.4710   4.2338   4.6913   6.2913
 7.8098   2.5984   3.5230   6.5960
 6.8253   1.4956   2.4491   5.9197
 7.2658   2.4478   0.8272   6.0517
 6.6961   3.8143   2.4658   5.0970
 7.4592   3.4739   1.8983   5.4240
 7.6554   2.6763   3.2200   6.6922
 8.0260   4.0402   3.6261   8.8743
 6.5204   1.2374   0.9444   4.7170
 6.5454   3.8169   0.7670   5.8655
 6.9867   4.1759   3.2945   5.1582
 6.2233   1.9296   0.7085   3.0561
 7.2872   3.4750   1.4426   5.7890
 6.1207   2.2006   1.2281   6.5345
 6.4231   3.8970   1.7100   4.6274
 5.9314   0.9772 -.249596   4.3721
 6.5986   1.8862   1.9048   8.1988
 5.0494   2.1551   1.3662   4.3436
 8.1013   4.9513   1.1081   3.4369
 7.7330   2.6726   3.0696   5.0631
 7.5367   2.3541   2.7371   3.6675
 7.3759   1.5921   1.0507   5.9307
 7.1445   1.4875   4.4622   3.8989
 8.0636   3.3631   2.4079   5.3742
 7.6844   3.1765   2.6768   4.6398
 6.9265   3.6838   0.6715   6.7425
 7.3263   3.5160   2.3804   4.0119
 6.4609   2.7541   0.8335   3.4330
 6.5806   3.3819   1.7519   4.3133
 6.3545   3.8468   0.6960   5.9031
 6.3643   4.1630   1.7928   4.7151
 6.7604   4.5359   2.9830   8.3520
 6.6595   1.3207   1.7503   6.3024
 7.9772   5.0767   2.1560   4.0162
 6.8526   2.0510   1.9222   4.2915
 7.1234   3.8103   1.8437   6.2224
 7.8572   3.5413   2.1378   4.6356
 7.4724   2.9765 -.540052   5.4491
 6.7950   2.9800   0.1116   6.4530
 7.5867   2.6032   2.6322   6.6754
 6.4110   2.6980 -0.30983   2.4509
 6.3407   3.4464   1.3771   4.2279
 6.7301   2.9319   1.2785   3.8050
 7.1681   1.7909   3.2387   3.2332
 5.5310   3.2484   2.1338   5.1127
 7.9527   1.8256   1.6124   6.8732
 7.0654   0.6418   2.4261   4.3110
 7.1126   1.9779   0.1967   5.0893
 6.6339   4.3396   2.1631   2.8266
 6.9925   1.3284   3.0326 -0.02149
 7.3919   3.0522   2.1996   4.7070
 6.1672 -.387316   1.4760   0.1067
 7.0313   5.6690   2.9530   6.6611
 6.5187   2.0692   1.8445   4.4452
 8.2891   3.4732   3.2721   6.8981
 5.8711   2.8384   1.7571   4.6822
 7.6093   4.6625   2.1414   4.2753
 6.1874   3.4138   2.6674   6.8540
 6.1466   2.8586   1.6204   3.4535
 6.4049   2.4314   1.4533   4.4321
 5.9590   4.4506   1.7266   4.1589
 6.6079   3.6953   0.2985   5.8439
 7.0502   2.5968   1.7421   5.5274
 6.9756   3.7883   2.7903   6.6582
 7.8383   3.1293   3.1366   5.9594
 7.0677   2.7861   2.1240   6.2809
 7.1210   4.4496   1.2529   5.6733
 6.8993   2.7207   1.7145   3.3996
 7.3478   0.9774   3.3792   4.2755
 8.0582   3.2357   3.7642   4.8413
 8.0922   4.5544   1.8439   5.8134
 6.1611   3.1143   2.2048   6.2047
 7.9902   4.4806   2.9453   6.5039
 7.7562   2.4239   2.1259   5.6167
 8.4519   3.6424   1.5694   5.4759
 6.1432   2.5763   1.4672   4.3712
 7.4968   2.2463   1.2129   4.2043
 7.1058   3.5522   1.6142   6.6492
 6.9629   2.1748   2.8914   4.7626
 7.4795   4.6875   2.7803   7.3829
 7.0148   3.2889   3.4675   4.8341
 7.8356   4.8470   1.2375   3.8986
 7.6925   1.2976 .0484537   6.2105
 6.5743   2.7288   1.7418   3.3318
 7.0865   3.7323   2.2474   4.4762
 7.5273   4.5147   2.3669   6.9226
 7.1858   2.5755   1.1349   6.1788
 6.5872   3.4903   3.5357   6.8829
 7.0654   2.5356   0.3794   4.1825
 7.1743   2.3278   3.7088   4.7041
 5.7209   1.6812   0.5079   4.4045
 7.5142   4.3639   3.0664   5.9475
 7.5359   2.7133   0.8873   3.1591
 6.5151   2.7392   2.5616   4.0773
 7.1950   4.1877   4.2719   5.6614
 7.1913   2.8204   2.1352   4.9224
 6.1271   3.8273   2.1320 .0401733
 6.8655   1.9691   2.8640   3.5904
 6.3862   2.5745   1.7157   4.3097
 8.0970   3.8700   3.7338   4.3980
 8.0633   1.0685   2.2630   3.9800
 7.1874   2.7056   4.0846   4.2339
 7.7219   3.6513   1.5794   2.8172
 7.0055   3.0405   2.3765   7.1601
 7.1382   1.5467   2.2165   6.0629
 8.2612   4.6606   3.2653   7.7848
 5.1144   2.1224   1.2415   3.1937
 7.3351   4.2892   0.4985   7.2104
 6.4458   3.2572   1.3462   3.9605
 7.6690   1.9020   3.5694   1.4269
 7.4648   3.9848   0.1202   2.9682
 7.2372   1.8332   3.8210   6.2559
 8.3189   2.3387   2.5380   3.1619
 7.6463   2.8316   2.5951   5.6535
 7.1555   3.4791   4.8283   6.6324
 6.6029   2.6492   1.1528   4.7537
 8.0708   4.8852   2.8568   4.0509
 7.1291   2.0839   3.2295   5.4115
 7.2461   2.8557   4.1395   3.7508
 5.7959   3.4920   1.5216   5.2467
 6.8959   4.6449   0.4183   5.1525
 6.7121   3.6497   1.1984   7.2297
 8.0322   3.4245   1.6040   6.9453
 6.2788   2.9773 .0626021   6.1910
 7.3093   1.9001   3.5190   4.5650
 7.1409   2.4194   2.4907   6.0329
 6.3882   2.9043   0.4911   5.5300
 8.0564   3.5689   3.1128   7.7708
 6.5568   4.0208   3.0995   7.5344
 7.1666   1.5264   2.8524   3.0235
 5.8707   1.9606   4.0144   4.7650
 7.1906   1.4283 -.078708   6.2101
 7.4174   2.1605   1.7873   5.7317
 6.6127   1.7287   2.3151   2.6652
 6.5583   1.8511   0.3874   5.8860
 6.2583   3.5031   0.2071   2.8187
 6.3561   3.1195   1.3613   7.2967
 8.0303   4.2096   1.3703   5.1389
 8.0222   3.7806   3.6406   5.9941
 7.3217   1.7405   1.8385   4.2712
 6.8241   3.1471   0.4827   5.4773
 8.0184   2.4156   0.7190   6.8546
 6.3851   4.0089   0.7268   4.4793
 7.7001   2.7245   4.1150   5.2295
 6.7446   2.7079   2.8791   4.6749
 6.1873   2.7843   1.7775   6.0432
 6.8304   0.9636   2.6936   4.9717
 5.7244   3.8825   1.3449   3.6952
 7.4426   4.6284   5.8485   4.7697
 7.0161   4.2216   2.8078   4.1459
 5.8015   0.7562   1.4624   7.3159
 7.4686   4.8291   1.9905   6.8117
 6.0333   2.6797   1.9267   4.5849
 6.5154   1.7926   0.2280   2.4255
 6.2252   2.9182   1.9847   4.5829
 8.0812   3.3546   2.3705   4.7197
 7.2821   4.2039   0.1149   5.0695
 7.7446   0.7587   0.6961   4.7654
 7.8336   3.2912   2.9529   5.2286
 6.8897   4.6468   3.5554   6.6075
 7.3843   2.5565   2.5505   5.6652
 6.1597   1.9809   1.1880   3.4857
 7.6706   4.0494   1.4241   4.5681
 6.5521   2.3019   2.0847   6.2762
 6.8964   2.7691   0.7326   2.3335
 8.3837   2.9470   3.8396   4.8267
 7.2795   3.2977   0.2692   5.9926
 7.2192   2.2984   2.6964   2.9492
 5.0266   1.9250   0.9803   3.6372
 6.7138   4.6634   1.7718   7.3141
 7.9176   3.0706   1.5386   3.6323
 5.9211   2.0412   1.1493   4.9235
 6.4101   0.4825   0.3143   0.9063
 8.6994   5.6902   2.1000   7.1228
 6.3235   4.0964   2.0152   6.9375
 7.4963   2.7210   1.3384   6.6988
 6.7237   2.4270   2.8795   6.6035
 7.5203   4.1381   2.1073   5.0458
 5.8424   2.9042   0.9628   5.7331
 7.7295   3.1743   3.2318   4.3295
 7.2252   3.6936   2.3619   5.3060
 6.0976   1.5785   2.6911   2.1700
 6.9139   3.2595   2.8078   4.2294
 8.1527   2.6741   1.4792   4.0762
 6.4895   3.1104   1.0974   3.1431
 6.3034   1.7398   2.0588   6.7569
 7.5064   3.8812   2.6676   5.2375
 6.6119   4.4098   4.2420   3.0215
 6.6851   2.3559   2.0526   3.4982
 7.3387   2.5870   3.0179   4.5331
 7.0561   3.2136   2.4620   3.6993
 8.3708   2.4115   4.1882   2.7341
 7.7428   3.2266 -.634787   4.7522
 6.9649   3.1774   2.9367   4.4018
 5.8722   4.8712   0.9521   7.8190
 6.3503   1.7890 -.232095   5.0097
 6.2955   4.0350   1.7214   6.5966
 7.0969   1.6033   3.8164   6.1260
 8.7145   3.4514   4.0262   6.0412
 6.5668   0.4243   0.9151   2.3449
 7.2477   3.1898   1.4968   4.6261
 6.8885   2.2941   2.6188   4.5173
 6.9823   1.6475   3.1954   4.9514
 8.7774   4.1268   0.9957   4.1821
 6.6872   3.1396   2.1043   5.3881
 6.7250   1.6098   1.8914   4.3668
 6.5664   2.3573   1.6986   7.5169
 7.7385   3.2693   0.2347   7.0112
 7.1216   3.8398   4.2931   5.0345
 7.1083   3.8533   2.1075   5.1187
 7.9784   4.2746   3.1947   6.8183
 6.6155   4.0904   4.2627   5.5229
 7.4512   3.1305   2.9154   6.9474
 6.7505   3.7161   1.6193   6.0910
 7.4207   3.5736   1.5994   4.1569
 6.8591   4.7049   1.7197   4.6730
 6.7733   3.2179   0.5435   2.8245
 6.4563   3.2249 -.267744   7.3566
 6.5854   2.4750   1.5845   6.3560
 7.4870   2.3698   1.8659   4.0137
 6.9215   2.8071   0.7279   5.3412
 7.0082   2.5549   3.5767   4.8702
 8.2759   4.7774   2.9957   5.5436
 7.5061   1.7456   3.2897   3.7604
 5.9319   3.9620   2.4658   6.4978
 7.3816   2.7298   3.2442   5.6090
 6.7703   2.2862   1.1569   5.4650
 8.0511   1.5014   1.2342   3.7006
 7.3848   2.7403   1.8312   4.8600
 7.2726   3.7307   2.4911   3.7778
 5.8144   3.3114   0.8511   8.5051
 7.3814   2.6134   3.7875   7.1520
 6.5208   1.5393   4.3098   2.4159
 7.6889   2.7039   4.7060   8.3703
 6.8466   2.5007   3.8077   7.5106
 6.6939   3.4256   2.0078   5.5591
 6.7826   4.5765   2.3547   6.0012
 7.0523   3.4382   2.1153   8.1581
 7.2608   2.9485   2.6607   3.6676
 7.5830   3.2577   2.5362   5.9366
 6.5653   1.5746   2.4134   4.7138
 6.6995   3.6145   0.8997   4.9158
 6.6559   1.8160   1.6548   5.4039
 6.3422   4.3994   3.0462   5.6405
 7.5735   4.2622   2.5084   4.6384
 7.3114   3.6932   1.9613   6.2427
 7.2951   1.7837   3.3796   6.3157
 6.1560   1.7148   2.2896   4.7734
 6.5313   1.1626  -1.7151   3.6641
 7.3054   3.0899   2.2836   4.0804
 6.5063   2.3105   2.9231   6.2722
 6.8287   2.6149   1.4823   3.8356
 7.2720   2.3330   4.1690   2.1068
 5.9070   2.5549 -.087561   2.6984
 6.2940   2.5684   0.8440   5.5692
 5.6637   1.8824   1.9276   2.1061
 7.8869   3.9340   4.2502   5.1113
 6.1432   3.0430   3.3240   4.1505
 6.5818   2.6270   1.8338   6.3523
 6.4741   4.6177   1.8063   7.2609
 7.7687   4.3026   2.0891   5.4762
 7.6190   3.9147   4.8771   7.7347
 5.6231   3.0304   2.3374   5.2357
 8.2211   2.6373   3.0757   6.7259
 5.8182   1.3545  -1.3784   3.3798
 6.4735   3.8095   1.6051   3.5893
 6.6234   2.9086   1.8861   5.3100
 6.1918   3.4663   1.9178   6.8679
 6.5390   2.7913 -.064723   5.4001
 7.2342   3.4270   0.6845   6.2042
 7.4296   3.1455   1.8221   4.9882
 8.3236   3.3659   3.6455   6.9325
 7.8544   2.3054   2.0865   5.8348
 7.5393   3.2018   0.4158   6.4265
 7.1012   2.3650   3.1708   2.9492
 7.9313   3.1366   3.0543   5.8258
 7.1251   2.8645   1.7103   4.7727
 7.8283   4.2955   1.8059   7.4448
 7.1425   3.7005   3.8549   6.0215
 6.8098   2.9042   1.1127   3.0332
 6.6568   2.3024   0.9280   4.3638
 6.4357   1.3931   3.3220   2.4895
 6.3759   2.0007   1.7080   7.5518
 6.5663   2.9213   1.0704   6.4388
 7.2497   3.6666   1.0302   4.3343
 7.3343   2.9665   3.4656   3.2476
 6.4197   2.7303   1.4179   3.9183
 7.5674   2.7240   3.3298   5.2912
 6.3345   0.6009   1.0337   4.4661
 7.9950   3.5589   2.9304   7.2565
 6.4887   3.0486   1.0528   7.0205
 7.1550   4.1007   4.4835   2.3696
 7.6167   3.7964   3.1791   4.5139
 6.2987   3.1322   0.8983   2.8622
 7.3498   3.1247   0.9247   4.4362
 5.4853   3.6805   2.7540   6.0071
 7.0812   4.6689   4.2580   6.0391
 6.3385   2.8849   0.6294   6.7113
 6.7093   3.5480   1.1579   3.7026
 6.9407   2.7597   4.2179   6.0763
 5.8992   1.4679   1.2386   2.7601
 5.7235   1.8656   2.4243   1.7928
 6.9590   3.1511 -0.29907   3.8416
 5.9978   2.4147   1.7504   4.4692
 5.8518   3.6529   3.3794   4.5339
 6.8423   3.0316   2.9824   4.5444
 6.1581   2.6995   3.4552   4.8364
 7.0464   3.6321   3.7019   6.8130
 7.0674   3.0996   0.7889   2.3746
 7.9028   4.4572   3.8958   8.1620
 7.2025   3.0950   1.5028   2.9167
 6.7241   2.0263   1.7601   4.5622
 7.9830   1.2711   1.6050   1.9390
 5.9301   3.6105   4.6016   4.9637
 6.6692   2.3729   1.9969   4.8037
 7.7589   4.1471   2.0053   6.8446
 6.9244   3.3886   1.0610   1.6810
 6.9549   3.2595   0.6586   4.0600
 5.8024   3.9856   1.1605   6.9518
 7.4142   1.7859   3.8345   4.0813
 6.7251   2.4874   1.3191   4.8770
 6.3962   2.9174   1.8740   4.9177
 6.9718   4.1651   3.8100   7.2772
 7.5806   3.1021   3.4804   3.0213
 7.3573   3.1217 -.631141   3.5123
 6.3889   3.8760   0.8878   4.2260
 6.1671   3.2111   1.0843   4.4548
 6.5990   3.3681   3.4032   7.0367
 7.5838   3.3729   2.6090   3.6188
 6.3265   2.4024   1.3936   3.9584
 7.9151   3.3060   1.9759   6.1362
 5.6498   2.3719   1.1919   3.8428
 8.0909   2.5540   4.0822   5.9598
 6.6032   2.8289   0.4504   4.5945
 7.1731   2.2816   0.3723   6.2096
 7.2634   3.4574   0.7044   6.8460
    
    
    
 6.5094   1.3638   2.4016   3.7338
 6.9963   2.0784   1.2413   3.3424
 6.3787   2.4207   0.5251   3.6552
 7.4014   1.8232   2.1315   5.2825
 6.5785   2.3633   1.9933   5.7702
 8.2465   2.7254   5.3655   4.6053
 5.9531   2.2081 -.380955   1.9073
 7.1482   2.6487   1.7494   4.1515
 8.6883   3.4081   2.2435   7.0139
 7.4999   3.7735   2.2907   5.9223
 8.2747   4.8386   2.6108   5.8885
 7.9220   3.5593   2.1764   6.2348
 6.9217   3.7639   3.5392   5.9716
 7.5002   4.0520   3.0851   4.6727
 6.2119   2.5779   1.6644   6.5496
 7.6183   2.3245   3.3985   5.9954
 8.0430   6.2224   0.7935   7.5101
 7.4955   4.7765   2.6664   7.1404
 7.2186   2.0311   1.3960   5.9220
 7.5597   3.2978   2.8318   6.6775
 8.1661   2.1647   4.0700   4.8277
 7.8747   4.4469   3.0718   6.5295
 7.7287   4.1979   1.6217   4.6881
 6.9081   3.0254   1.9311   6.3413
 6.9188   2.3834   2.6248   2.7165
 7.0893   2.6611   4.0654   2.7366
 7.3781   4.9943   0.7663   4.0135
 6.1396   1.8843   1.0682   2.5344
 6.4696   2.2501   4.5850   6.4619
 7.5564   2.5120   3.0534   5.9612
 7.0830   5.0536   3.5411   7.2052
 6.0344   3.0498   2.3272   4.6348
 6.6844   2.4145   2.2979   4.9163
 7.0047   3.0625   1.4290   6.1006
 6.3513   2.0435   1.4428   4.8918
 6.6686   3.6896   0.1932   5.0167
 7.8670   3.9821   1.5047   7.0859
 6.5861   4.4772   1.0563   6.7931
 5.8853   3.9280   0.4762   5.0439
 6.4152   2.4353   1.1154   4.2424
 7.4450   3.0136   0.9198   5.3124
 8.2151   3.3910   3.1286   7.5826
 6.6742   3.6485   2.6930   5.5956
 8.2300   2.1826   2.2721   6.5295
 6.4309   3.4821   1.5777   5.7841
 6.7385   1.9538   2.2761   5.2617
 7.7919   5.2994   0.9329   5.8803
 7.5645   2.1171   2.8550   3.4856
 6.7128   3.7005   2.2040   5.7463
 6.6053   3.7822   4.4402   6.5970
 7.6653   3.3894   4.4536   4.0687
 8.8507   3.4459   3.9001   5.2760
 7.5588   3.7486   3.4675   6.1734
 7.5089   4.2751   3.3091   4.8970
 6.5102   2.7746   0.7678   6.0261
 6.0839   2.3641   2.0602   3.3319
 5.8548   2.2668   1.2759   5.8135
 7.9810   3.4833   1.7280   5.3144
 6.5789   2.4680   2.8594   3.3904
 8.3328   4.5291   1.9787   4.8635
 5.8569   2.4670   1.1717   5.5873
 7.0858   3.1111   3.6776   3.3475
 6.9628   3.5282   3.8769   5.9962
 6.8925   3.1303   3.2555   4.3835
 7.4710   4.2338   4.6913   6.2913
 7.8098   2.5984   3.5230   6.5960
 6.8253   1.4956   2.4491   5.9197
 7.2658   2.4478   0.8272   6.0517
 6.6961   3.8143   2.4658   5.0970
 7.4592   3.4739   1.8983   5.4240
 7.6554   2.6763   3.2200   6.6922
 8.0260   4.0402   3.6261   8.8743
 6.5204   1.2374   0.9444   4.7170
 6.5454   3.8169   0.7670   5.8655
 6.9867   4.1759   3.2945   5.1582
 6.2233   1.9296   0.7085   3.0561
 7.2872   3.4750   1.4426   5.7890
 6.1207   2.2006   1.2281   6.5345
 6.4231   3.8970   1.7100   4.6274
 5.9314   0.9772 -.249596   4.3721
 6.5986   1.8862   1.9048   8.1988
 5.0494   2.1551   1.3662   4.3436
 8.1013   4.9513   1.1081   3.4369
 7.7330   2.6726   3.0696   5.0631
 7.5367   2.3541   2.7371   3.6675
 7.3759   1.5921   1.0507   5.9307
 7.1445   1.4875   4.4622   3.8989
 8.0636   3.3631   2.4079   5.3742
 7.6844   3.1765   2.6768   4.6398
 6.9265   3.6838   0.6715   6.7425
 7.3263   3.5160   2.3804   4.0119
 6.4609   2.7541   0.8335   3.4330
 6.5806   3.3819   1.7519   4.3133
 6.3545   3.8468   0.6960   5.9031
 6.3643   4.1630   1.7928   4.7151
 6.7604   4.5359   2.9830   8.3520
 6.6595   1.3207   1.7503   6.3024
 7.9772   5.0767   2.1560   4.0162
 6.8526   2.0510   1.9222   4.2915
 7.1234   3.8103   1.8437   6.2224
 7.8572   3.5413   2.1378   4.6356
 7.4724   2.9765 -.540052   5.4491
 6.7950   2.9800   0.1116   6.4530
 7.5867   2.6032   2.6322   6.6754
 6.4110   2.6980 -0.30983   2.4509
 6.3407   3.4464   1.3771   4.2279
 6.7301   2.9319   1.2785   3.8050
 7.1681   1.7909   3.2387   3.2332
 5.5310   3.2484   2.1338   5.1127
 7.9527   1.8256   1.6124   6.8732
 7.0654   0.6418   2.4261   4.3110
 7.1126   1.9779   0.1967   5.0893
 6.6339   4.3396   2.1631   2.8266
 6.9925   1.3284   3.0326 -0.02149
 7.3919   3.0522   2.1996   4.7070
 6.1672 -.387316   1.4760   0.1067
 7.0313   5.6690   2.9530   6.6611
 6.5187   2.0692   1.8445   4.4452
 8.2891   3.4732   3.2721   6.8981
 5.8711   2.8384   1.7571   4.6822
 7.6093   4.6625   2.1414   4.2753
 6.1874   3.4138   2.6674   6.8540
 6.1466   2.8586   1.6204   3.4535
 6.4049   2.4314   1.4533   4.4321
 5.9590   4.4506   1.7266   4.1589
 6.6079   3.6953   0.2985   5.8439
 7.0502   2.5968   1.7421   5.5274
 6.9756   3.7883   2.7903   6.6582
 7.8383   3.1293   3.1366   5.9594
 7.0677   2.7861   2.1240   6.2809
 7.1210   4.4496   1.2529   5.6733
 6.8993   2.7207   1.7145   3.3996
 7.3478   0.9774   3.3792   4.2755
 8.0582   3.2357   3.7642   4.8413
 8.0922   4.5544   1.8439   5.8134
 6.1611   3.1143   2.2048   6.2047
 7.9902   4.4806   2.9453   6.5039
 7.7562   2.4239   2.1259   5.6167
 8.4519   3.6424   1.5694   5.4759
 6.1432   2.5763   1.4672   4.3712
 7.4968   2.2463   1.2129   4.2043
 7.1058   3.5522   1.6142   6.6492
 6.9629   2.1748   2.8914   4.7626
 7.4795   4.6875   2.7803   7.3829
 7.0148   3.2889   3.4675   4.8341
 7.8356   4.8470   1.2375   3.8986
 7.6925   1.2976 .0484537   6.2105
 6.5743   2.7288   1.7418   3.3318
 7.0865   3.7323   2.2474   4.4762
 7.5273   4.5147   2.3669   6.9226
 7.1858   2.5755   1.1349   6.1788
 6.5872   3.4903   3.5357   6.8829
 7.0654   2.5356   0.3794   4.1825
 7.1743   2.3278   3.7088   4.7041
 5.7209   1.6812   0.5079   4.4045
 7.5142   4.3639   3.0664   5.9475
 7.5359   2.7133   0.8873   3.1591
 6.5151   2.7392   2.5616   4.0773
 7.1950   4.1877   4.2719   5.6614
 7.1913   2.8204   2.1352   4.9224
 6.1271   3.8273   2.1320 .0401733
 6.8655   1.9691   2.8640   3.5904
 6.3862   2.5745   1.7157   4.3097
 8.0970   3.8700   3.7338   4.3980
 8.0633   1.0685   2.2630   3.9800
 7.1874   2.7056   4.0846   4.2339
 7.7219   3.6513   1.5794   2.8172
 7.0055   3.0405   2.3765   7.1601
 7.1382   1.5467   2.2165   6.0629
 8.2612   4.6606   3.2653   7.7848
 5.1144   2.1224   1.2415   3.1937
 7.3351   4.2892   0.4985   7.2104
 6.4458   3.2572   1.3462   3.9605
 7.6690   1.9020   3.5694   1.4269
 7.4648   3.9848   0.1202   2.9682
 7.2372   1.8332   3.8210   6.2559
 8.3189   2.3387   2.5380   3.1619
 7.6463   2.8316   2.5951   5.6535
 7.1555   3.4791   4.8283   6.6324
 6.6029   2.6492   1.1528   4.7537
 8.0708   4.8852   2.8568   4.0509
 7.1291   2.0839   3.2295   5.4115
 7.2461   2.8557   4.1395   3.7508
 5.7959   3.4920   1.5216   5.2467
 6.8959   4.6449   0.4183   5.1525
 6.7121   3.6497   1.1984   7.2297
 8.0322   3.4245   1.6040   6.9453
 6.2788   2.9773 .0626021   6.1910
 7.3093   1.9001   3.5190   4.5650
 7.1409   2.4194   2.4907   6.0329
 6.3882   2.9043   0.4911   5.5300
 8.0564   3.5689   3.1128   7.7708
 6.5568   4.0208   3.0995   7.5344
 7.1666   1.5264   2.8524   3.0235
 5.8707   1.9606   4.0144   4.7650
 7.1906   1.4283 -.078708   6.2101
 7.4174   2.1605   1.7873   5.7317
 6.6127   1.7287   2.3151   2.6652
 6.5583   1.8511   0.3874   5.8860
 6.2583   3.5031   0.2071   2.8187
 6.3561   3.1195   1.3613   7.2967
 8.0303   4.2096   1.3703   5.1389
 8.0222   3.7806   3.6406   5.9941
 7.3217   1.7405   1.8385   4.2712
 6.8241   3.1471   0.4827   5.4773
 8.0184   2.4156   0.7190   6.8546
 6.3851   4.0089   0.7268   4.4793
 7.7001   2.7245   4.1150   5.2295
 6.7446   2.7079   2.8791   4.6749
 6.1873   2.7843   1.7775   6.0432
 6.8304   0.9636   2.6936   4.9717
 5.7244   3.8825   1.3449   3.6952
 7.4426   4.6284   5.8485   4.7697
 7.0161   4.2216   2.8078   4.1459
 5.8015   0.7562   1.4624   7.3159
 7.4686   4.8291   1.9905   6.8117
 6.0333   2.6797   1.9267   4.5849
 6.5154   1.7926   0.2280   2.4255
 6.2252   2.9182   1.9847   4.5829
 8.0812   3.3546   2.3705   4.7197
 7.2821   4.2039   0.1149   5.0695
 7.7446   0.7587   0.6961   4.7654
 7.8336   3.2912   2.9529   5.2286
 6.8897   4.6468   3.5554   6.6075
 7.3843   2.5565   2.5505   5.6652
 6.1597   1.9809   1.1880   3.4857
 7.6706   4.0494   1.4241   4.5681
 6.5521   2.3019   2.0847   6.2762
 6.8964   2.7691   0.7326   2.3335
 8.3837   2.9470   3.8396   4.8267
 7.2795   3.2977   0.2692   5.9926
 7.2192   2.2984   2.6964   2.9492
 5.0266   1.9250   0.9803   3.6372
 6.7138   4.6634   1.7718   7.3141
 7.9176   3.0706   1.5386   3.6323
 5.9211   2.0412   1.1493   4.9235
 6.4101   0.4825   0.3143   0.9063
 8.6994   5.6902   2.1000   7.1228
 6.3235   4.0964   2.0152   6.9375
 7.4963   2.7210   1.3384   6.6988
 6.7237   2.4270   2.8795   6.6035
 7.5203   4.1381   2.1073   5.0458
 5.8424   2.9042   0.9628   5.7331
 7.7295   3.1743   3.2318   4.3295
 7.2252   3.6936   2.3619   5.3060
 6.0976   1.5785   2.6911   2.1700
 6.9139   3.2595   2.8078   4.2294
 8.1527   2.6741   1.4792   4.0762
 6.4895   3.1104   1.0974   3.1431
 6.3034   1.7398   2.0588   6.7569
 7.5064   3.8812   2.6676   5.2375
 6.6119   4.4098   4.2420   3.0215
 6.6851   2.3559   2.0526   3.4982
 7.3387   2.5870   3.0179   4.5331
 7.0561   3.2136   2.4620   3.6993
 8.3708   2.4115   4.1882   2.7341
 7.7428   3.2266 -.634787   4.7522
 6.9649   3.1774   2.9367   4.4018
 5.8722   4.8712   0.9521   7.8190
 6.3503   1.7890 -.232095   5.0097
 6.2955   4.0350   1.7214   6.5966
 7.0969   1.6033   3.8164   6.1260
 8.7145   3.4514   4.0262   6.0412
 6.5668   0.4243   0.9151   2.3449
 7.2477   3.1898   1.4968   4.6261
 6.8885   2.2941   2.6188   4.5173
 6.9823   1.6475   3.1954   4.9514
 8.7774   4.1268   0.9957   4.1821
 6.6872   3.1396   2.1043   5.3881
 6.7250   1.6098   1.8914   4.3668
 6.5664   2.3573   1.6986   7.5169
 7.7385   3.2693   0.2347   7.0112
 7.1216   3.8398   4.2931   5.0345
 7.1083   3.8533   2.1075   5.1187
 7.9784   4.2746   3.1947   6.8183
 6.6155   4.0904   4.2627   5.5229
 7.4512   3.1305   2.9154   6.9474
 6.7505   3.7161   1.6193   6.0910
 7.4207   3.5736   1.5994   4.1569
 6.8591   4.7049   1.7197   4.6730
 6.7733   3.2179   0.5435   2.8245
 6.4563   3.2249 -.267744   7.3566
 6.5854   2.4750   1.5845   6.3560
 7.4870   2.3698   1.8659   4.0137
 6.9215   2.8071   0.7279   5.3412
 7.0082   2.5549   3.5767   4.8702
 8.2759   4.7774   2.9957   5.5436
 7.5061   1.7456   3.2897   3.7604
 5.9319   3.9620   2.4658   6.4978
 7.3816   2.7298   3.2442   5.6090
 6.7703   2.2862   1.1569   5.4650
 8.0511   1.5014   1.2342   3.7006
 7.3848   2.7403   1.8312   4.8600
 7.2726   3.7307   2.4911   3.7778
 5.8144   3.3114   0.8511   8.5051
 7.3814   2.6134   3.7875   7.1520
 6.5208   1.5393   4.3098   2.4159
 7.6889   2.7039   4.7060   8.3703
 6.8466   2.5007   3.8077   7.5106
 6.6939   3.4256   2.0078   5.5591
 6.7826   4.5765   2.3547   6.0012
 7.0523   3.4382   2.1153   8.1581
 7.2608   2.9485   2.6607   3.6676
 7.5830   3.2577   2.5362   5.9366
 6.5653   1.5746   2.4134   4.7138
 6.6995   3.6145   0.8997   4.9158
 6.6559   1.8160   1.6548   5.4039
 6.3422   4.3994   3.0462   5.6405
 7.5735   4.2622   2.5084   4.6384
 7.3114   3.6932   1.9613   6.2427
 7.2951   1.7837   3.3796   6.3157
 6.1560   1.7148   2.2896   4.7734
 6.5313   1.1626  -1.7151   3.6641
 7.3054   3.0899   2.2836   4.0804
 6.5063   2.3105   2.9231   6.2722
 6.8287   2.6149   1.4823   3.8356
 7.2720   2.3330   4.1690   2.1068
 5.9070   2.5549 -.087561   2.6984
 6.2940   2.5684   0.8440   5.5692
 5.6637   1.8824   1.9276   2.1061
 7.8869   3.9340   4.2502   5.1113
 6.1432   3.0430   3.3240   4.1505
 6.5818   2.6270   1.8338   6.3523
 6.4741   4.6177   1.8063   7.2609
 7.7687   4.3026   2.0891   5.4762
 7.6190   3.9147   4.8771   7.7347
 5.6231   3.0304   2.3374   5.2357
 8.2211   2.6373   3.0757   6.7259
 5.8182   1.3545  -1.3784   3.3798
 6.4735   3.8095   1.6051   3.5893
 6.6234   2.9086   1.8861   5.3100
 6.1918   3.4663   1.9178   6.8679
 6.5390   2.7913 -.064723   5.4001
 7.2342   3.4270   0.6845   6.2042
 7.4296   3.1455   1.8221   4.9882
 8.3236   3.3659   3.6455   6.9325
 7.8544   2.3054   2.0865   5.8348
 7.5393   3.2018   0.4158   6.4265
 7.1012   2.3650   3.1708   2.9492
 7.9313   3.1366   3.0543   5.8258
 7.1251   2.8645   1.7103   4.7727
 7.8283   4.2955   1.8059   7.4448
 7.1425   3.7005   3.8549   6.0215
 6.8098   2.9042   1.1127   3.0332
 6.6568   2.3024   0.9280   4.3638
 6.4357   1.3931   3.3220   2.4895
 6.3759   2.0007   1.7080   7.5518
 6.5663   2.9213   1.0704   6.4388
 7.2497   3.6666   1.0302   4.3343
 7.3343   2.9665   3.4656   3.2476
 6.4197   2.7303   1.4179   3.9183
 7.5674   2.7240   3.3298   5.2912
 6.3345   0.6009   1.0337   4.4661
 7.9950   3.5589   2.9304   7.2565
 6.4887   3.0486   1.0528   7.0205
 7.1550   4.1007   4.4835   2.3696
 7.6167   3.7964   3.1791   4.5139
 6.2987   3.1322   0.8983   2.8622
 7.3498   3.1247   0.9247   4.4362
 5.4853   3.6805   2.7540   6.0071
 7.0812   4.6689   4.2580   6.0391
 6.3385   2.8849   0.6294   6.7113
 6.7093   3.5480   1.1579   3.7026
 6.9407   2.7597   4.2179   6.0763
 5.8992   1.4679   1.2386   2.7601
 5.7235   1.8656   2.4243   1.7928
 6.9590   3.1511 -0.29907   3.8416
 5.9978   2.4147   1.7504   4.4692
 5.8518   3.6529   3.3794   4.5339
 6.8423   3.0316   2.9824   4.5444
 6.1581   2.6995   3.4552   4.8364
 7.0464   3.6321   3.7019   6.8130
 7.0674   3.0996   0.7889   2.3746
 7.9028   4.4572   3.8958   8.1620
 7.2025   3.0950   1.5028   2.9167
 6.7241   2.0263   1.7601   4.5622
 7.9830   1.2711   1.6050   1.9390
 5.9301   3.6105   4.6016   4.9637
 6.6692   2.3729   1.9969   4.8037
 7.7589   4.1471   2.0053   6.8446
 6.9244   3.3886   1.0610   1.6810
 6.9549   3.2595   0.6586   4.0600
 5.8024   3.9856   1.1605   6.9518
 7.4142   1.7859   3.8345   4.0813
 6.7251   2.4874   1.3191   4.8770
 6.3962   2.9174   1.8740   4.9177
 6.9718   4.1651   3.8100   7.2772
 7.5806   3.1021   3.4804   3.0213
 7.3573   3.1217 -.631141   3.5123
 6.3889   3.8760   0.8878   4.2260
 6.1671   3.2111   1.0843   4.4548
 6.5990   3.3681   3.4032   7.0367
 7.5838   3.3729   2.6090   3.6188
 6.3265   2.4024   1.3936   3.9584
 7.9151   3.3060   1.9759   6.1362
 5.6498   2.3719   1.1919   3.8428
 8.0909   2.5540   4.0822   5.9598
 6.6032   2.8289   0.4504   4.5945
 7.1731   2.2816   0.3723   6.2096
 7.2634   3.4574   0.7044   6.8460
    
    
    
 6.5094   1.3638   2.4016   3.7338
 6.9963   2.0784   1.2413   3.3424
 6.3787   2.4207   0.5251   3.6552
 7.4014   1.8232   2.1315   5.2825
 6.5785   2.3633   1.9933   5.7702
 8.2465   2.7254   5.3655   4.6053
 5.9531   2.2081 -.380955   1.9073
 7.1482   2.6487   1.7494   4.1515
 8.6883   3.4081   2.2435   7.0139
 7.4999   3.7735   2.2907   5.9223
 8.2747   4.8386   2.6108   5.8885
 7.9220   3.5593   2.1764   6.2348
 6.9217   3.7639   3.5392   5.9716
 7.5002   4.0520   3.0851   4.6727
 6.2119   2.5779   1.6644   6.5496
 7.6183   2.3245   3.3985   5.9954
 8.0430   6.2224   0.7935   7.5101
 7.4955   4.7765   2.6664   7.1404
 7.2186   2.0311   1.3960   5.9220
 7.5597   3.2978   2.8318   6.6775
 8.1661   2.1647   4.0700   4.8277
 7.8747   4.4469   3.0718   6.5295
 7.7287   4.1979   1.6217   4.6881
 6.9081   3.0254   1.9311   6.3413
 6.9188   2.3834   2.6248   2.7165
 7.0893   2.6611   4.0654   2.7366
 7.3781   4.9943   0.7663   4.0135
 6.1396   1.8843   1.0682   2.5344
 6.4696   2.2501   4.5850   6.4619
 7.5564   2.5120   3.0534   5.9612
 7.0830   5.0536   3.5411   7.2052
 6.0344   3.0498   2.3272   4.6348
 6.6844   2.4145   2.2979   4.9163
 7.0047   3.0625   1.4290   6.1006
 6.3513   2.0435   1.4428   4.8918
 6.6686   3.6896   0.1932   5.0167
 7.8670   3.9821   1.5047   7.0859
 6.5861   4.4772   1.0563   6.7931
 5.8853   3.9280   0.4762   5.0439
 6.4152   2.4353   1.1154   4.2424
 7.4450   3.0136   0.9198   5.3124
 8.2151   3.3910   3.1286   7.5826
 6.6742   3.6485   2.6930   5.5956
 8.2300   2.1826   2.2721   6.5295
 6.4309   3.4821   1.5777   5.7841
 6.7385   1.9538   2.2761   5.2617
 7.7919   5.2994   0.9329   5.8803
 7.5645   2.1171   2.8550   3.4856
 6.7128   3.7005   2.2040   5.7463
 6.6053   3.7822   4.4402   6.5970
 7.6653   3.3894   4.4536   4.0687
 8.8507   3.4459   3.9001   5.2760
 7.5588   3.7486   3.4675   6.1734
 7.5089   4.2751   3.3091   4.8970
 6.5102   2.7746   0.7678   6.0261
 6.0839   2.3641   2.0602   3.3319
 5.8548   2.2668   1.2759   5.8135
 7.9810   3.4833   1.7280   5.3144
 6.5789   2.4680   2.8594   3.3904
 8.3328   4.5291   1.9787   4.8635
 5.8569   2.4670   1.1717   5.5873
 7.0858   3.1111   3.6776   3.3475
 6.9628   3.5282   3.8769   5.9962
 6.8925   3.1303   3.2555   4.3835
 7.4710   4.2338   4.6913   6.2913
 7.8098   2.5984   3.5230   6.5960
 6.8253   1.4956   2.4491   5.9197
 7.2658   2.4478   0.8272   6.0517
 6.6961   3.8143   2.4658   5.0970
 7.4592   3.4739   1.8983   5.4240
 7.6554   2.6763   3.2200   6.6922
 8.0260   4.0402   3.6261   8.8743
 6.5204   1.2374   0.9444   4.7170
 6.5454   3.8169   0.7670   5.8655
 6.9867   4.1759   3.2945   5.1582
 6.2233   1.9296   0.7085   3.0561
 7.2872   3.4750   1.4426   5.7890
 6.1207   2.2006   1.2281   6.5345
 6.4231   3.8970   1.7100   4.6274
 5.9314   0.9772 -.249596   4.3721
 6.5986   1.8862   1.9048   8.1988
 5.0494   2.1551   1.3662   4.3436
 8.1013   4.9513   1.1081   3.4369
 7.7330   2.6726   3.0696   5.0631
 7.5367   2.3541   2.7371   3.6675
 7.3759   1.5921   1.0507   5.9307
 7.1445   1.4875   4.4622   3.8989
 8.0636   3.3631   2.4079   5.3742
 7.6844   3.1765   2.6768   4.6398
 6.9265   3.6838   0.6715   6.7425
 7.3263   3.5160   2.3804   4.0119
 6.4609   2.7541   0.8335   3.4330
 6.5806   3.3819   1.7519   4.3133
 6.3545   3.8468   0.6960   5.9031
 6.3643   4.1630   1.7928   4.7151
 6.7604   4.5359   2.9830   8.3520
 6.6595   1.3207   1.7503   6.3024
 7.9772   5.0767   2.1560   4.0162
 6.8526   2.0510   1.9222   4.2915
 7.1234   3.8103   1.8437   6.2224
 7.8572   3.5413   2.1378   4.6356
 7.4724   2.9765 -.540052   5.4491
 6.7950   2.9800   0.1116   6.4530
 7.5867   2.6032   2.6322   6.6754
 6.4110   2.6980 -0.30983   2.4509
 6.3407   3.4464   1.3771   4.2279
 6.7301   2.9319   1.2785   3.8050
 7.1681   1.7909   3.2387   3.2332
 5.5310   3.2484   2.1338   5.1127
 7.9527   1.8256   1.6124   6.8732
 7.0654   0.6418   2.4261   4.3110
 7.1126   1.9779   0.1967   5.0893
 6.6339   4.3396   2.1631   2.8266
 6.9925   1.3284   3.0326 -0.02149
 7.3919   3.0522   2.1996   4.7070
 6.1672 -.387316   1.4760   0.1067
 7.0313   5.6690   2.9530   6.6611
 6.5187   2.0692   1.8445   4.4452
 8.2891   3.4732   3.2721   6.8981
 5.8711   2.8384   1.7571   4.6822
 7.6093   4.6625   2.1414   4.2753
 6.1874   3.4138   2.6674   6.8540
 6.1466   2.8586   1.6204   3.4535
 6.4049   2.4314   1.4533   4.4321
 5.9590   4.4506   1.7266   4.1589
 6.6079   3.6953   0.2985   5.8439
 7.0502   2.5968   1.7421   5.5274
 6.9756   3.7883   2.7903   6.6582
 7.8383   3.1293   3.1366   5.9594
 7.0677   2.7861   2.1240   6.2809
 7.1210   4.4496   1.2529   5.6733
 6.8993   2.7207   1.7145   3.3996
 7.3478   0.9774   3.3792   4.2755
 8.0582   3.2357   3.7642   4.8413
 8.0922   4.5544   1.8439   5.8134
 6.1611   3.1143   2.2048   6.2047
 7.9902   4.4806   2.9453   6.5039
 7.7562   2.4239   2.1259   5.6167
 8.4519   3.6424   1.5694   5.4759
 6.1432   2.5763   1.4672   4.3712
 7.4968   2.2463   1.2129   4.2043
 7.1058   3.5522   1.6142   6.6492
 6.9629   2.1748   2.8914   4.7626
 7.4795   4.6875   2.7803   7.3829
 7.0148   3.2889   3.4675   4.8341
 7.8356   4.8470   1.2375   3.8986
 7.6925   1.2976 .0484537   6.2105
 6.5743   2.7288   1.7418   3.3318
 7.0865   3.7323   2.2474   4.4762
 7.5273   4.5147   2.3669   6.9226
 7.1858   2.5755   1.1349   6.1788
 6.5872   3.4903   3.5357   6.8829
 7.0654   2.5356   0.3794   4.1825
 7.1743   2.3278   3.7088   4.7041
 5.7209   1.6812   0.5079   4.4045
 7.5142   4.3639   3.0664   5.9475
 7.5359   2.7133   0.8873   3.1591
 6.5151   2.7392   2.5616   4.0773
 7.1950   4.1877   4.2719   5.6614
 7.1913   2.8204   2.1352   4.9224
 6.1271   3.8273   2.1320 .0401733
 6.8655   1.9691   2.8640   3.5904
 6.3862   2.5745   1.7157   4.3097
 8.0970   3.8700   3.7338   4.3980
 8.0633   1.0685   2.2630   3.9800
 7.1874   2.7056   4.0846   4.2339
 7.7219   3.6513   1.5794   2.8172
 7.0055   3.0405   2.3765   7.1601
 7.1382   1.5467   2.2165   6.0629
 8.2612   4.6606   3.2653   7.7848
 5.1144   2.1224   1.2415   3.1937
 7.3351   4.2892   0.4985   7.2104
 6.4458   3.2572   1.3462   3.9605
 7.6690   1.9020   3.5694   1.4269
 7.4648   3.9848   0.1202   2.9682
 7.2372   1.8332   3.8210   6.2559
 8.3189   2.3387   2.5380   3.1619
 7.6463   2.8316   2.5951   5.6535
 7.1555   3.4791   4.8283   6.6324
 6.6029   2.6492   1.1528   4.7537
 8.0708   4.8852   2.8568   4.0509
 7.1291   2.0839   3.2295   5.4115
 7.2461   2.8557   4.1395   3.7508
 5.7959   3.4920   1.5216   5.2467
 6.8959   4.6449   0.4183   5.1525
 6.7121   3.6497   1.1984   7.2297
 8.0322   3.4245   1.6040   6.9453
 6.2788   2.9773 .0626021   6.1910
 7.3093   1.9001   3.5190   4.5650
 7.1409   2.4194   2.4907   6.0329
 6.3882   2.9043   0.4911   5.5300
 8.0564   3.5689   3.1128   7.7708
 6.5568   4.0208   3.0995   7.5344
 7.1666   1.5264   2.8524   3.0235
 5.8707   1.9606   4.0144   4.7650
 7.1906   1.4283 -.078708   6.2101
 7.4174   2.1605   1.7873   5.7317
 6.6127   1.7287   2.3151   2.6652
 6.5583   1.8511   0.3874   5.8860
 6.2583   3.5031   0.2071   2.8187
 6.3561   3.1195   1.3613   7.2967
 8.0303   4.2096   1.3703   5.1389
 8.0222   3.7806   3.6406   5.9941
 7.3217   1.7405   1.8385   4.2712
 6.8241   3.1471   0.4827   5.4773
 8.0184   2.4156   0.7190   6.8546
 6.3851   4.0089   0.7268   4.4793
 7.7001   2.7245   4.1150   5.2295
 6.7446   2.7079   2.8791   4.6749
 6.1873   2.7843   1.7775   6.0432
 6.8304   0.9636   2.6936   4.9717
 5.7244   3.8825   1.3449   3.6952
 7.4426   4.6284   5.8485   4.7697
 7.0161   4.2216   2.8078   4.1459
 5.8015   0.7562   1.4624   7.3159
 7.4686   4.8291   1.9905   6.8117
 6.0333   2.6797   1.9267   4.5849
 6.5154   1.7926   0.2280   2.4255
 6.2252   2.9182   1.9847   4.5829
 8.0812   3.3546   2.3705   4.7197
 7.2821   4.2039   0.1149   5.0695
 7.7446   0.7587   0.6961   4.7654
 7.8336   3.2912   2.9529   5.2286
 6.8897   4.6468   3.5554   6.6075
 7.3843   2.5565   2.5505   5.6652
 6.1597   1.9809   1.1880   3.4857
 7.6706   4.0494   1.4241   4.5681
 6.5521   2.3019   2.0847   6.2762
 6.8964   2.7691   0.7326   2.3335
 8.3837   2.9470   3.8396   4.8267
 7.2795   3.2977   0.2692   5.9926
 7.2192   2.2984   2.6964   2.9492
 5.0266   1.9250   0.9803   3.6372
 6.7138   4.6634   1.7718   7.3141
 7.9176   3.0706   1.5386   3.6323
 5.9211   2.0412   1.1493   4.9235
 6.4101   0.4825   0.3143   0.9063
 8.6994   5.6902   2.1000   7.1228
 6.3235   4.0964   2.0152   6.9375
 7.4963   2.7210   1.3384   6.6988
 6.7237   2.4270   2.8795   6.6035
 7.5203   4.1381   2.1073   5.0458
 5.8424   2.9042   0.9628   5.7331
 7.7295   3.1743   3.2318   4.3295
 7.2252   3.6936   2.3619   5.3060
 6.0976   1.5785   2.6911   2.1700
 6.9139   3.2595   2.8078   4.2294
 8.1527   2.6741   1.4792   4.0762
 6.4895   3.1104   1.0974   3.1431
 6.3034   1.7398   2.0588   6.7569
 7.5064   3.8812   2.6676   5.2375
 6.6119   4.4098   4.2420   3.0215
 6.6851   2.3559   2.0526   3.4982
 7.3387   2.5870   3.0179   4.5331
 7.0561   3.2136   2.4620   3.6993
 8.3708   2.4115   4.1882   2.7341
 7.7428   3.2266 -.634787   4.7522
 6.9649   3.1774   2.9367   4.4018
 5.8722   4.8712   0.9521   7.8190
 6.3503   1.7890 -.232095   5.0097
 6.2955   4.0350   1.7214   6.5966
 7.0969   1.6033   3.8164   6.1260
 8.7145   3.4514   4.0262   6.0412
 6.5668   0.4243   0.9151   2.3449
 7.2477   3.1898   1.4968   4.6261
 6.8885   2.2941   2.6188   4.5173
 6.9823   1.6475   3.1954   4.9514
 8.7774   4.1268   0.9957   4.1821
 6.6872   3.1396   2.1043   5.3881
 6.7250   1.6098   1.8914   4.3668
 6.5664   2.3573   1.6986   7.5169
 7.7385   3.2693   0.2347   7.0112
 7.1216   3.8398   4.2931   5.0345
 7.1083   3.8533   2.1075   5.1187
 7.9784   4.2746   3.1947   6.8183
 6.6155   4.0904   4.2627   5.5229
 7.4512   3.1305   2.9154   6.9474
 6.7505   3.7161   1.6193   6.0910
 7.4207   3.5736   1.5994   4.1569
 6.8591   4.7049   1.7197   4.6730
 6.7733   3.2179   0.5435   2.8245
 6.4563   3.2249 -.267744   7.3566
 6.5854   2.4750   1.5845   6.3560
 7.4870   2.3698   1.8659   4.0137
 6.9215   2.8071   0.7279   5.3412
 7.0082   2.5549   3.5767   4.8702
 8.2759   4.7774   2.9957   5.5436
 7.5061   1.7456   3.2897   3.7604
 5.9319   3.9620   2.4658   6.4978
 7.3816   2.7298   3.2442   5.6090
 6.7703   2.2862   1.1569   5.4650
 8.0511   1.5014   1.2342   3.7006
 7.3848   2.7403   1.8312   4.8600
 7.2726   3.7307   2.4911   3.7778
 5.8144   3.3114   0.8511   8.5051
 7.3814   2.6134   3.7875   7.1520
 6.5208   1.5393   4.3098   2.4159
 7.6889   2.7039   4.7060   8.3703
 6.8466   2.5007   3.8077   7.5106
 6.6939   3.4256   2.0078   5.5591
 6.7826   4.5765   2.3547   6.0012
 7.0523   3.4382   2.1153   8.1581
 7.2608   2.9485   2.6607   3.6676
 7.5830   3.2577   2.5362   5.9366
 6.5653   1.5746   2.4134   4.7138
 6.6995   3.6145   0.8997   4.9158
 6.6559   1.8160   1.6548   5.4039
 6.3422   4.3994   3.0462   5.6405
 7.5735   4.2622   2.5084   4.6384
 7.3114   3.6932   1.9613   6.2427
 7.2951   1.7837   3.3796   6.3157
 6.1560   1.7148   2.2896   4.7734
 6.5313   1.1626  -1.7151   3.6641
 7.3054   3.0899   2.2836   4.0804
 6.5063   2.3105   2.9231   6.2722
 6.8287   2.6149   1.4823   3.8356
 7.2720   2.3330   4.1690   2.1068
 5.9070   2.5549 -.087561   2.6984
 6.2940   2.5684   0.8440   5.5692
 5.6637   1.8824   1.9276   2.1061
 7.8869   3.9340   4.2502   5.1113
 6.1432   3.0430   3.3240   4.1505
 6.5818   2.6270   1.8338   6.3523
 6.4741   4.6177   1.8063   7.2609
 7.7687   4.3026   2.0891   5.4762
 7.6190   3.9147   4.8771   7.7347
 5.6231   3.0304   2.3374   5.2357
 8.2211   2.6373   3.0757   6.7259
 5.8182   1.3545  -1.3784   3.3798
 6.4735   3.8095   1.6051   3.5893
 6.6234   2.9086   1.8861   5.3100
 6.1918   3.4663   1.9178   6.8679
 6.5390   2.7913 -.064723   5.4001
 7.2342   3.4270   0.6845   6.2042
 7.4296   3.1455   1.8221   4.9882
 8.3236   3.3659   3.6455   6.9325
 7.8544   2.3054   2.0865   5.8348
 7.5393   3.2018   0.4158   6.4265
 7.1012   2.3650   3.1708   2.9492
 7.9313   3.1366   3.0543   5.8258
 7.1251   2.8645   1.7103   4.7727
 7.8283   4.2955   1.8059   7.4448
 7.1425   3.7005   3.8549   6.0215
 6.8098   2.9042   1.1127   3.0332
 6.6568   2.3024   0.9280   4.3638
 6.4357   1.3931   3.3220   2.4895
 6.3759   2.0007   1.7080   7.5518
 6.5663   2.9213   1.0704   6.4388
 7.2497   3.6666   1.0302   4.3343
 7.3343   2.9665   3.4656   3.2476
 6.4197   2.7303   1.4179   3.9183
 7.5674   2.7240   3.3298   5.2912
 6.3345   0.6009   1.0337   4.4661
 7.9950   3.5589   2.9304   7.2565
 6.4887   3.0486   1.0528   7.0205
 7.1550   4.1007   4.4835   2.3696
 7.6167   3.7964   3.1791   4.5139
 6.2987   3.1322   0.8983   2.8622
 7.3498   3.1247   0.9247   4.4362
 5.4853   3.6805   2.7540   6.0071
 7.0812   4.6689   4.2580   6.0391
 6.3385   2.8849   0.6294   6.7113
 6.7093   3.5480   1.1579   3.7026
 6.9407   2.7597   4.2179   6.0763
 5.8992   1.4679   1.2386   2.7601
 5.7235   1.8656   2.4243   1.7928
 6.9590   3.1511 -0.29907   3.8416
 5.9978   2.4147   1.7504   4.4692
 5.8518   3.6529   3.3794   4.5339
 6.8423   3.0316   2.9824   4.5444
 6.1581   2.6995   3.4552   4.8364
 7.0464   3.6321   3.7019   6.8130
 7.0674   3.0996   0.7889   2.3746
 7.9028   4.4572   3.8958   8.1620
 7.2025   3.0950   1.5028   2.9167
 6.7241   2.0263   1.7601   4.5622
 7.9830   1.2711   1.6050   1.9390
 5.9301   3.6105   4.6016   4.9637
 6.6692   2.3729   1.9969   4.8037
 7.7589   4.1471   2.0053   6.8446
 6.9244   3.3886   1.0610   1.6810
 6.9549   3.2595   0.6586   4.0600
 5.8024   3.9856   1.1605   6.9518
 7.4142   1.7859   3.8345   4.0813
 6.7251   2.4874   1.3191   4.8770
 6.3962   2.9174   1.8740   4.9177
 6.9718   4.1651   3.8100   7.2772
 7.5806   3.1021   3.4804   3.0213
 7.3573   3.1217 -.631141   3.5123
 6.3889   3.8760   0.8878   4.2260
 6.1671   3.2111   1.0843   4.4548
 6.5990   3.3681   3.4032   7.0367
 7.5838   3.3729   2.6090   3.6188
 6.3265   2.4024   1.3936   3.9584
 7.9151   3.3060   1.9759   6.1362
 5.6498   2.3719   1.1919   3.8428
 8.0909   2.5540   4.0822   5.9598
 6.6032   2.8289   0.4504   4.5945
 7.1731   2.2816   0.3723   6.2096
 7.2634   3.4574   0.7044   6.8460
    
    
    
 3.2421   5.3077   4.4111   3.3782
 2.3225   7.1117   3.1272   3.3789
 2.3214   4.1655   4.4632   3.8337
 2.9870   5.2096   3.7559   3.5666
 3.1667   3.5147   4.1339   2.7163
 3.8769   5.3889   5.3543   4.0106
 2.2436   7.3405   3.4046   3.1861
 2.3583   4.7000   5.0906   2.9606
 1.8874   6.8293   2.7999   2.9801
 1.9311   5.8400   3.3516   3.7652
 4.1704   5.3914   3.7475   2.9101
 2.1045   4.6495   2.8961   3.4346
 1.5961   4.1388   3.3750   2.8379
 4.9133   5.7656   4.9047   2.1331
 2.1111   2.3519   4.0892   2.9957
 2.4610   6.0323   5.1901   3.4716
 2.2500   5.0490   3.9599   2.9319
 4.6850   5.4545   4.2314   3.0172
 2.8257   3.4446   4.3258   2.1007
 2.8894   7.5835   2.3705   2.5980
 4.1608   4.7761   3.6395   3.5358
 3.0044   5.5754   2.4212   1.6915
 2.0285   4.6847   3.7304   2.3329
 3.6345   4.7965   4.5634   3.1197
 3.9804   4.7991   3.1323   2.6938
 5.3353   6.4012   5.4079   3.9161
 3.0740   6.2205   3.1458   2.9700
 3.5002   5.7264   3.5563   2.8337
 3.7742   4.8920   3.6684   3.7507
 2.1563   5.5298   4.6207   2.3153
 2.8504   4.7495   3.0775   3.9945
 2.8086   6.2514   4.7546   3.7919
 1.6738   3.4662   2.7374   3.1795
 4.6368   4.7223   3.9194   2.8488
 1.5790   2.8769   2.6956   1.6149
 2.9515   4.9254   3.8745   3.9598
 3.1322   5.8312   4.0716   1.6960
 4.5810   4.6241   4.2673   2.0716
 3.2550   5.9858   3.6908   3.6976
 1.0121   6.7701   3.8853   3.6369
 4.4671   4.9603   5.9852   4.6894
 3.1554   5.2600   3.1717   1.6533
 3.7459   3.2645   4.9282   3.7732
 3.5577   4.5208   4.7906   3.7785
 2.6661   5.0827   3.4017   2.8859
 2.4873   4.1394   4.6930   2.9145
 2.9766   3.6415   2.9799   0.9065
 2.1708   7.0459   4.1593   4.0806
 1.8739   4.8189   4.8526   2.4795
 2.6178   4.1271   5.6356   3.1006
 3.0730   6.4617   3.8530   2.4257
 2.5132   4.0087   3.2103   0.2505
 3.3448   6.9109   4.7275   4.0541
 4.7938   3.5936   4.6448   1.9971
 2.4149   5.8712   4.6831   2.6352
 2.7692   3.6954   4.6105   3.9789
 4.6029   6.0483   5.3972   3.7446
 2.9032   4.8825   3.8580   3.1672
 3.1625   3.7505   3.6474   2.7276
 2.6440   5.8259   3.8910   2.7057
 2.7310   2.9519   2.4696   2.0295
 4.2515   7.9447   5.3447   4.2052
 3.4471   4.4441   3.9105   3.2671
 2.0191   5.7508   4.3795   2.5565
 3.6746   5.6320   3.9565   3.4610
 3.2551   3.8348   3.3817   1.5386
 2.0128   5.6050   3.1985   2.0505
 2.4909   4.2253   2.0918   2.3010
 2.4385   6.9641   3.1389   3.4673
 2.1234   3.2714   2.5644   1.3350
 4.2487   4.6004   5.0158   3.3837
 2.0879   3.8883   3.4840   2.4649
 2.5208   5.2666   3.6289   2.7741
 3.0958   3.5039   3.7416   1.4646
 3.8957   4.1073   4.0577   3.5399
 4.4874   4.7613   6.5629   4.1063
 2.5099   2.6312   2.8738   2.6436
 2.8921   5.5519   4.3079   3.7284
 4.9766   6.1893   4.7518   4.3065
 4.1481   5.5605   4.9194   3.2346
 2.2321   6.2775   4.0997   2.0808
 3.5202   5.9077   2.0421   2.0965
 3.1080   4.0152   3.9148   3.0409
 2.8089   4.9611   3.0952   3.3615
 3.8716   4.8611   4.5142   2.8089
 3.8970   3.9200   5.3446   2.7780
 2.9330   3.7529   3.0001   1.5640
 4.2897   6.6527   3.6142   2.7581
 3.9786   4.2615   3.8206   3.0784
 3.3423   5.6762   4.4415   3.2718
 3.1831   5.3705   5.0216   4.1926
 2.4558   6.2181   4.0023   3.7360
 3.7906   5.9404   5.0117   2.6362
 4.3863   4.5652   4.4910   3.3693
 3.6135   3.9273   2.8160   2.6525
 3.2848   3.2431   4.9659   2.3694
 1.3149   3.8155   4.1190   2.2785
 2.7254   5.0486   4.0204   3.1721
 1.9782   5.7773   3.0149   3.2410
 3.3791   4.9013   4.3077   3.1508
 3.8321   5.7155   4.0189   4.4406
 2.7150   7.0234   4.7385   3.8803
 2.7465   3.4078   4.2349   3.1544
 3.7830   4.3122   4.0112   2.7732
 3.1691   5.2081   2.7917   3.2483
 3.1344   5.8468   4.5437   4.3403
 3.3828   5.6112   5.2645   2.4640
 3.3061   5.3864   4.1699   2.6514
 2.3434   4.9343   3.9702   3.8059
 1.9289   6.9562   3.9166   4.1391
 3.5593   5.6068   3.3831   1.8463
 3.1446   5.5262   4.5937   3.0607
 3.0254   2.8385   3.9899   1.0995
 2.4685   7.7971   4.4295   4.4994
 4.3860   4.8571   4.6782   2.9739
 2.9531   2.1322   3.7979   1.9128
 2.8562   6.0894   3.2054   2.8187
 2.5050   5.4179   4.9342   4.8344
 1.3179   5.5233   3.1282   3.7956
 4.3821   2.5918   5.2353   3.8024
 2.4896   6.1768   3.4744   2.4255
 4.3082   4.7170   5.9215   3.6546
 4.0129   4.5258   4.5202   3.3547
 2.7257   6.5189   4.3935   4.5897
 3.7942   6.6770   3.9677   2.9827
 3.1596   6.2381   5.0224   3.2655
 2.3072   4.3301   3.2524   2.0200
 2.5260   5.4714   4.5152   2.2066
 3.6519   4.9802   3.0485   3.2918
 3.3021   3.9496   4.9051   3.3474
 2.6657   4.9853   2.3128   0.9951
 3.2196   2.2970   4.7858   2.8032
 2.8605   5.2323   3.2858   2.2873
 3.4352   5.2158   4.2020   2.3168
 3.7035   5.1840   4.8172   3.6984
 1.9563   5.7544   2.2056   3.6633
 4.4043   4.1131   5.0651   4.1108
 3.5520   5.2202   3.8449   2.2949
 2.2378   2.7727   2.7994   2.1340
 3.7025   5.1752   3.7586   3.1032
 2.8860   5.3559   4.2738   3.4446
 2.2878   6.8255   2.5587   2.0948
 3.2646   2.3618   4.7429   2.9570
 3.9577   5.2985   4.7651   3.9398
 4.0775   6.2121   4.6163   3.5381
 4.5331   7.9735   5.2229   5.2649
 2.6751   5.7113   2.9325   2.8810
 3.3445   2.9360   3.9376   1.8196
 1.7528   5.1897   3.2565   2.2874
 2.7070   4.3278   2.5659   1.4390
 3.3625   3.8548   2.9114   2.7431
 4.9299   6.2017   4.9277   4.1049
 1.8977   2.6985   3.0990   1.2790
 1.6998   6.1972   3.9845   2.9490
 3.4523   4.4641   3.5020   2.9887
 1.6828   5.1971   3.7173   2.3393
 1.4793   4.6795   2.4413   2.5229
 3.2684   4.7450   5.4664   4.0416
 3.2077   4.0014   2.3899   1.9491
 4.4749   4.7648   3.8364   3.7250
 3.2230   5.8347   5.0106   3.8742
 3.4538   4.3887   5.0122   3.1089
 3.9078   5.5527   4.1308   4.7115
 3.3083   5.8543   5.0962   4.1896
 4.0845   3.6797   4.2336   3.2500
 3.9220   4.6046   6.2551   4.5844
 3.3139   4.3208   4.3331   3.8848
 4.9733   5.6992   5.4680   4.6890
 4.1693   6.8687   3.6308   2.0574
 2.1495   4.3647   2.8136   2.9050
 2.8850   5.8851   3.5119   2.6013
 2.6586   3.1640   4.4118   2.4004
 1.3838   4.9821   2.1454   1.8697
 2.4899   5.4677   3.3196   1.2649
 3.2447   5.2961   5.0690   4.1435
 4.2164   4.5798   5.0250   2.5289
 4.9055   5.0091   3.9077   3.7714
 3.1961   6.1899   4.1430   3.5349
 2.2345   7.0013   3.3812   5.6022
 3.0574   5.6767   4.7673   4.0688
 0.6838   3.6641   3.7783   2.3836
 3.2203   3.4583   3.2178   1.6570
 2.4522   4.9781   3.5249   2.8917
 4.1421   5.8522   5.7671   3.7631
 3.7314   5.6135   4.0877   3.2230
 1.1453   3.6149   3.4212   2.7689
 3.2098   5.6710   3.4134   2.2975
 3.6464   3.3587   5.1521   2.9400
 2.4202   6.3773   4.5590   2.5357
 2.5536   3.1880   3.1985   1.7327
 3.5776   5.6603   3.0556   3.0149
 1.2207   6.6465   3.8361   4.6149
 4.0214   4.1384   4.9726   2.9747
 4.5710   8.1343   3.7379   4.3144
 2.4628   3.7635   2.6249   1.1175
 2.3724   4.2073   3.5309   2.3844
 2.7535   4.4256   3.8125   1.8654
 1.9446   3.9468   3.1686   2.0891
 2.3818   3.3369   3.5397   2.3566
 2.0121   5.4278   3.1778   2.0734
 2.6492   5.1604   4.2730   2.8752
 4.2299   4.5188   4.7484   3.1249
 2.2639   3.3644   3.2867   1.7928
 3.0044   3.4883   2.7419   2.1866
 3.4948   6.5281   4.3519   3.3423
 1.8644   1.5661   3.5537   1.5525
 3.8987   6.7053   5.6863   3.3118
 2.1031   2.9970   3.8915   1.6815
 2.5047   5.3070   3.2105   2.6253
 3.2705   4.6409   5.4207   3.4410
 2.4290   5.0811   3.8590   3.4133
 2.3087   5.4644   3.3981   2.4811
 1.6179   6.6046   3.7580   2.7795
 3.1651   4.8774   4.4786   3.3902
 1.7416   5.6622   3.3807   3.2172
 3.3805   3.7216   4.1225   2.0455
 1.8109   5.6131   5.0836   3.2521
 1.9506   3.9838   2.1451   1.9474
 1.7495   4.1013   2.9748   2.2475
 4.0033   3.7659   3.0869   1.9202
 1.8512   3.9197   2.7695   2.6117
 4.3845   2.6926   3.7183   2.6713
 3.9735   4.5024   5.1936   3.6706
 2.3670   1.2452   1.9738   1.8494
 3.9879   6.4048   4.7435   3.7957
 2.6575   5.9545   4.8235   3.1081
 3.6374   3.6330   3.7622   1.3960
 1.8350   4.5613   2.6748   1.9462
 3.7283   7.9108   2.8959   3.2404
 2.7633   5.4021   4.4964   3.4803
 4.5162   4.5858   4.9115   2.9421
 3.1815   3.0789   3.9368   2.6706
 3.5309   3.8704   4.8941   3.4256
 1.7129   6.1548   3.4503   3.4616
 2.5715   4.8096   3.9399   2.4952
 3.0782   3.5820   3.6621   2.8508
 3.6181   3.8693   4.3412   3.3573
 4.1351   5.3309   3.8623   2.6141
 6.1002   3.5116   5.9157   4.3330
 1.1925   4.3550   3.1579   3.6948
 2.1076   5.1345   4.1739   3.7866
 3.7883   6.7518   5.5450   3.8490
 5.1746   6.3260   6.6981   4.0004
 3.1799   5.3149   4.5102   2.6745
 3.3316   4.6616   4.0791   3.5397
 2.9119   3.6720   2.8434   1.8120
 3.9873   2.2832   3.4258   0.8050
 2.5413   5.1423   4.5596   3.4764
 3.3374   3.7768   3.1913   1.5717
 3.1348   5.6817   4.5779   2.8000
 1.3051   5.3015   3.5741   4.0148
 3.4758   6.1720   3.5424   3.4723
 4.0650   3.7791   3.6845   3.0746
 3.8308   7.2708   4.5765   3.8122
 1.7109   3.8448   3.8350   3.4061
 1.5066   3.8210   3.0135   1.9285
 5.3589   6.7523   5.0677   4.3986
 4.0016   3.9211   4.4645   2.3190
 1.7066   6.1535   3.9958   3.3838
 3.3002   5.0718   2.8265   2.5115
 1.9245   5.3660   4.4024   3.1775
 2.1104   5.2092   4.3257   2.8174
 3.7347   2.7914   3.1273   0.8513
 1.7888   6.1607   3.3574   3.0959
 2.9428   5.8057   4.0675   4.0957
 3.5635   5.5562   5.9880   4.3790
 3.7693   5.7565   4.4764   3.3439
 2.6293   5.9601   3.5498   2.6350
 3.5210   6.1132   4.3195   4.2711
 3.5226   2.5098   4.1237   1.4805
 3.4301   3.6842   3.7286   1.1498
 5.0803   2.4667   4.7955   2.8322
 3.7553   5.7153   6.0137   4.5374
 3.3609   4.3614   4.3212   2.7183
 1.9708   4.6569   4.4599   2.6009
 3.1211   4.6686   4.7553   4.2781
 2.0095   2.7965   3.2866   1.0442
 3.4228   4.7919   4.9149   4.1698
 2.5147   6.1955   4.1912   4.2607
 2.7624   4.3383   4.8251   3.1572
 4.5242   6.9921   4.8136   2.5339
 2.0459   3.0087   4.2964   1.6926
 3.0768   5.5679   3.3595   2.7160
 2.6066   5.4128   3.9709   2.8972
 1.6441   6.0141   2.1001   1.0801
 4.5405   5.9072   3.3531   3.5568
 3.2778   5.1720   3.6587   2.4110
 3.9208   5.1769   5.6362   3.4903
 2.3078   4.6815   4.3626   3.1193
 3.6308   4.6066   3.4905   1.8914
 3.1501   6.5691   4.6330   3.6693
 2.0591   5.6191   3.6951   3.0042
 3.6629   4.5466   4.5977   2.9344
 1.9355   6.5769   3.5581   3.8285
 2.8976   3.8688   3.6777   1.9740
 1.4274   3.2992   2.0825   1.7010
 2.7904   3.9964   2.9443   1.3427
 3.2325   5.3472   4.2701   3.2364
 2.9402   6.5342   5.0167   4.2917
 2.5747   3.2500   2.7988   2.0339
 1.6171   2.8538   3.3105   2.1767
 3.8835   4.8342   4.6744   3.8772
 2.4149   5.6412   3.4638   2.2628
 4.1341   5.4822   4.1348   3.7240
 2.5676   6.3476   3.4397   2.2248
 2.0334   5.4332   2.0437   2.4293
 3.7352   5.3057   5.7294   3.7620
 3.0233   5.5393   4.9158   3.4807
 2.7720   2.9319   4.6080   3.3703
 2.2408   5.6683   2.4208   3.2206
 2.1544   4.0443   2.6598   3.1127
 3.9925   6.0638   4.5284   3.8252
 3.1402   6.3683   4.8143   3.3962
 2.9871   5.4562   4.3970   3.5243
 2.2307   4.8901   4.1645   2.2949
 3.3804   4.4596   2.9211   1.6135
 3.7046   5.8163   4.9753   3.6523
 2.4626   5.3019   3.1612   3.4668
 2.6206   4.1310   3.8423   2.7897
 5.5475   6.9322   6.8535   5.8558
 3.9362   4.4518   3.5715   1.8480
 3.0249   4.3043   3.8300   2.7200
 3.6095   5.0851   5.6838   4.0694
 3.0404   7.3696   3.4782   4.6674
 2.7662   3.7096   3.9087   2.8794
 3.0236   5.0408   3.7313   2.3416
 1.4746   2.9511   1.0717 -.310077
 3.8083   4.8729   4.4302   2.6697
 1.9861   4.0983   3.8385   2.7880
 4.2509   5.1972   5.0425   3.3979
 3.3616   2.8160   3.2516   3.0266
 4.8613   4.6472   3.7926   1.3864
 3.7583   5.4107   4.9823   4.8035
 2.5931   4.1514   4.0855   1.7144
 3.5853   7.0349   6.2958   5.9138
 2.9223   5.0197   5.2944   3.6569
 3.5087   6.1695   3.7045   2.2065
 2.9065   4.1279   3.3225   2.5245
 3.5437   4.4179   5.2651   2.8651
 2.8382   3.6980   2.9269   1.7034
 0.8169   3.8682   2.4394   2.9572
 4.0041   4.5176   4.0563   4.1851
 3.4654   5.4367   5.0027   3.6006
 3.3144   4.1332   4.3636   1.6258
 3.0349   5.6547   4.6438   4.1115
 2.8359   3.9675   3.8188   2.5524
 3.0861   5.5709   3.3359   2.5427
 3.0375   5.1524   3.8833   1.6931
 3.9489   6.1382   3.4510   2.5164
 3.5818   3.7450   4.3164   1.4535
 2.7578   4.7208   3.5176   2.9136
 3.3923   4.5250   3.9056   3.5798
 2.5184   5.6925   4.3097   2.1233
 2.8027   5.4570   4.8309   3.9740
 1.8474   5.0935   4.2788   2.9280
 2.5162   3.5536   4.7382   1.8141
 2.4482   2.3004   2.5729   0.8577
 4.3417   4.8959   5.6688   5.2397
 2.5185   6.5857   4.1483   3.6759
 2.8600   4.8977   4.1614   3.0474
 1.9089   5.0153   1.6907   2.4054
 2.6693   3.8279   4.4070   2.8631
 2.6449   8.1102   3.0616   3.5915
 2.6864   3.9519   3.3687   1.9697
 2.1003   5.7533   3.9103   3.3417
 3.3437   4.0030   4.6547   2.9998
 3.6109   4.2866   3.6722   3.0627
 2.2543   4.7695   3.2488   2.1160
 4.2905   6.1326   4.9089   4.1897
 2.4647   5.4628   2.8259   1.9998
 2.1981   4.0253   3.4856   2.5701
 2.3950   5.9996   4.8813   3.9629
 3.3958   5.3793   3.2057   2.5557
 1.5526   5.8084   3.6499   3.9760
 2.2195   6.5218   2.4820   3.3620
 2.5787   4.8698   2.9121   1.9532
 4.0708   6.3022   5.8906   5.0760
 1.2839   2.8008   1.7179   0.5991
 2.8160   7.2196   5.0404   2.5412
 2.6121   4.9385   3.7290   2.4647
 3.9327   4.1667   5.7161   3.0941
 1.9198   4.9244   4.0008   2.0874
 2.6323   5.8119   4.4205   2.7361
 3.4634   6.1421   4.0094   2.7416
 4.1102   5.5486   4.9346   3.5627
 4.3344   5.4834   5.1288   3.7121
 3.6127   4.5089   4.5784   3.1074
 2.3344   4.1823   3.8422   3.0494
 2.3966   5.1843   1.9778   1.8093
 1.7442   6.0424   1.6314   1.0892
 4.6510   5.8085   6.2522   3.4232
 1.9078   6.6131   3.7516   4.0124
 2.9770   3.7270   3.2835   2.9211
 2.5904   5.0887   4.2403   2.2946
 4.3193   4.7801   4.5235   2.3893
 4.2708   6.4410   5.5176   3.7570
 3.4359   4.1036   3.5292   3.4123
 2.6408   3.9351   4.9124   4.0352
 4.0639   8.1508   6.3077   4.9543
 3.5199   6.1016   3.0467   1.8454
    
    
 5.2318   7.6883   6.2651   9.0198
 5.7605   8.6244   6.7519   9.4269
 4.3973   6.8747   6.1031   7.8042
 4.3713   6.8258   5.6595   6.9404
 5.4474   6.6971   4.8337   6.9541
 5.2867   6.6557   6.2280   7.7772
 3.1642   5.4951   5.9982   7.4673
 5.0972   7.8371   6.1344   8.5582
 5.8432   8.2024   6.7674   8.6455
 5.7026   5.7102   6.1981   7.8112
 3.7726   6.9868   5.0230   7.0365
 5.1519   4.9800   5.3759   6.9930
 5.0737   6.6992   6.4275   8.2514
 5.5479   7.9648   6.0931   8.1331
 2.9072   5.8869   5.6114   7.8961
 6.0381   7.5920   6.4241   8.4238
 5.5029   7.3522   4.7194   7.3450
 4.2697   6.5282   5.9371   7.6607
 7.1471   6.8820   6.4662   8.3302
 5.8674   6.8707   6.1158   8.0189
 3.3144   5.4304   5.9541   8.1885
 5.0749   7.8009   5.3880   8.0027
 6.3606   8.5444   7.3900   9.6059
 6.2519   7.1393   6.2266   8.6668
 4.6792   6.9477   5.6029   7.5103
 2.5479   7.6911   5.4331   8.2620
 4.2288   6.6851   5.1896   7.2869
 4.3513   6.7873   5.7142   7.8207
 6.5075   7.8301   5.8661   8.8653
 4.5895   6.6410   5.3691   8.2816
 4.8682   7.1286   5.4783   8.3329
 4.8948   6.8404   5.5650   7.9020
 4.8543   6.8026   6.7032   7.7680
 3.4563   6.3325   5.9856   8.1961
 5.8181   7.2564   7.2557   8.6461
 4.9145   7.4922   5.1143   8.0027
 4.1886   7.3313   5.3795   8.1985
 4.3679   6.7111   6.8278   9.3669
 4.1647   6.5487   5.9129   7.0772
 3.9076   7.6230   5.5412   7.8625
 5.1647   5.3382   6.5603   8.0432
 4.0823   5.8606   5.6806   6.1816
 5.2688   7.7663   6.2049   8.7141
 5.6914   6.3375   5.4716   7.4294
 4.0090   6.6428   5.8698   8.2283
 4.0508   6.5651   5.4174   7.7324
 4.9102   6.2023   5.1871   6.5095
 3.9111   6.7587   5.3996   7.8335
 4.0573   5.4668   5.3095   7.7349
 5.6801   8.3732   6.3361   7.7746
 4.4264   6.4419   5.7728   7.7599
 4.1664   5.9825   7.1548   7.9024
 3.5691   6.2090   5.2584   6.5142
 7.3421   7.7553   6.0978   7.3978
 5.0451   7.6749   5.2507   8.2735
 5.2051   6.8171   5.4627   8.0284
 4.8121   6.0103   5.7832   7.4286
 6.8071   5.7128   6.7775   7.2616
 4.5820   7.3124   5.7584   7.3309
 4.0482   5.6593   5.6229   7.0161
 5.1246   6.8600   6.1229   7.1688
 3.1609   6.3813   6.2331   7.2398
 3.8215   5.9524   5.5125   7.5596
 3.2933   5.6184   5.8901   6.5864
 4.1438   7.3217   7.0157   9.3865
 4.9787   5.2656   6.9803   7.6547
 6.8203   7.6947   5.9775   8.5901
 7.0002   8.2958   6.5861   9.0548
 5.4394   7.3673   5.5611   7.3255
 6.8220   8.5037   6.1908   8.2373
 4.0954   6.2662   5.7225   7.0127
 4.7752   6.7221   6.4286   9.2831
 4.2168   5.6411   5.7509   8.0818
 4.1205   7.6180   6.9707   8.9577
 5.3031   5.7521   6.3531   6.7578
 5.1752   7.3654   5.7583   7.5717
 4.2092   4.5120   6.0524   6.9566
 5.2647   5.9991   5.7393   7.9542
 5.8383   7.8497   6.4582   8.3138
 6.5945   7.0131   6.1190   8.8617
 4.8060   6.2744   5.8392   7.8291
 4.1580   6.2155   5.8326   7.9471
 4.5380   5.8782   6.8383   7.9055
 3.9790   6.9691   5.0364   6.8904
 4.2833   8.0614   5.2355   8.2056
 3.0573   7.2505   4.5052   6.7370
 4.7832   7.6312   6.2009   8.0886
 3.9016   6.5120   5.3459   7.7386
 4.6962   6.1028   5.4282   6.6869
 5.4876   6.8963   6.2082   7.0642
 4.0742   5.8249   6.2079   9.0368
 5.5702   7.0480   5.9561   7.6301
 5.8364   8.1316   5.8465   9.2947
 3.6911   5.4755   6.0614   6.8110
 5.6811   7.5598   6.4892   8.3815
 6.0153   7.9841   5.7466   8.7006
 6.2551   6.7077   5.6191   7.7515
 7.4504   8.6977   6.4193   8.4122
 4.5408   5.6704   5.8673   7.4031
 3.9109   7.1668   6.4502   8.6317
 4.4737   6.4000   6.4251   8.4252
 5.7884   6.8275   5.7918   7.4067
 4.6592   6.8925   5.5793   7.4751
 5.0400   6.4148   6.3318   8.7283
 4.0572   6.5146   7.2354   7.4335
 6.1521   7.7480   6.0827   7.5581
 5.3892   4.5832   5.7178   7.0044
 4.2406   8.0922   6.4819   8.8002
 5.0270   6.5284   5.5019   6.7297
 5.1827   6.3803   7.8821   8.3831
 4.3622   6.9637   6.9912   8.4254
 5.6030   7.0451   5.6907   7.4263
 2.8994   6.6760   5.3123   6.9003
 4.3177   5.9301   5.8584   7.1850
 5.8469   6.8768   6.5620   7.8403
 6.4094   8.1210   7.1172   9.4635
 7.7976   8.0669   7.3698   9.2110
 6.9765   8.2836   7.1962   9.2778
 5.4962   6.9485   6.4061   8.8511
 5.4820   6.0694   6.6756   8.4621
 6.5086   6.9779   6.0012   6.8404
 5.3111   6.2199   6.1530   8.2852
 4.8177   6.9792   6.8711   7.9067
 3.6724   5.7155   5.3380   6.8699
 3.6694   8.0208   4.9097   6.6612
 5.1905   6.7578   4.9412   7.7344
 3.7447   6.5348   6.1737   8.5232
 4.0952   7.1217   5.4743   6.7497
 4.0116   7.1350   5.8766   8.6093
 6.0374   7.2848   6.4437   8.3695
 4.9915   7.2801   5.4705   7.0691
 4.7641   7.1661   5.4519   7.9408
 5.3569   8.3736   6.3612   8.7109
 4.9244   7.0950   6.5069   8.4334
 3.8756   6.6445   6.3795   7.5993
 4.1968   5.5327   5.1449   6.5423
 5.1713   7.0487   5.8348   7.8080
 3.9325   6.2332   6.0574   8.7080
 5.2462   5.5405   6.0409   7.7355
 4.0022   6.3524   6.2378   7.9802
 7.5853   7.8685   6.0065   7.8530
 6.6548   8.0412   6.3766   7.9331
 6.7036   7.8589   7.1792   9.5259
 6.5777   6.3491   5.6202   6.7755
 6.1650   6.8082   5.8054   7.8717
 3.9025   6.7003   5.7294   7.6147
 5.7847   7.0041   6.0656   7.2770
 6.4031   8.3583   5.8072   8.4233
 4.7365   7.2615   6.1935   8.1183
 5.8107   7.7316   5.7970   8.7059
 3.7008   7.5111   6.4191   8.7602
 5.4141   7.5737   5.8399   7.7529
 4.8313   6.5760   5.1901   7.4411
 4.4538   5.9411   5.7729   6.4079
 6.8907   6.4162   6.0351   7.4640
 4.2823   6.5976   5.8911   7.5984
 4.5772   6.3029   6.0855   7.6108
 4.9236   8.2408   6.1885   8.1101
 5.0893   7.8879   6.6310   9.3864
 5.2947   6.9314   6.1591   8.7967
 3.8941   6.7881   5.8968   7.8968
 5.1629   6.6743   5.7280   6.8335
 5.5125   6.7219   6.0992   8.1893
 6.1625   8.7650   6.0507   8.9168
 4.4798   6.5094   5.5254   7.7229
 7.6920   8.2249   6.3854   8.8093
 3.9350   7.0972   5.7552   8.6464
 3.7165   6.8152   6.2060   8.4763
 4.0144   7.0370   6.9565   8.2984
 4.5895   7.2374   5.9312   9.1722
 5.2155   8.6492   6.6436   8.1350
 4.6829   6.0628   5.6667   6.7204
 3.5024   7.7883   5.8235   7.9583
 4.3053   6.6868   5.8085   8.6311
 6.0898   7.9826   6.0947   8.9875
 4.2249   6.4390   5.5150   6.8512
 3.9664   5.3895   5.7180   6.6845
 4.3076   6.2319   5.7849   6.8723
 5.9778   7.0205   6.4840   8.7292
 6.4418   6.5653   6.4377   8.2015
 4.8660   7.7318   5.4450   7.3720
 5.7557   8.4774   6.4338   8.7426
 4.2511   7.6573   6.7929   8.2199
 5.4105   6.8193   6.3466   8.9710
 5.4692   8.0634   6.4898   8.8853
 3.3748   6.9079   6.3079   7.6955
 5.4547   7.4624   7.5112   8.8591
 4.9935   6.9166   5.7024   8.0488
 5.4210   8.2262   6.0093   8.6994
 4.3928   7.4813   4.8446   7.9486
 4.7653   6.2368   4.9098   7.0164
 4.5896   6.4783   5.9206   8.3236
 4.2184   6.1917   6.1373   7.5250
 4.7963   6.1304   5.4282   6.8967
 5.0697   6.7628   5.5801   8.1716
 5.0510   8.5297   4.8308   8.3029
 5.1315   7.4242   6.5518   8.7960
 5.0599   7.6840   5.7699   7.0451
 5.8668   8.2231   5.8598   9.1563
 3.5463   6.2852   5.5269   7.7675
 5.7848   7.0770   6.5421   8.0060
 5.4425   6.7416   6.1565   7.1780
 5.7412   7.4013   7.0208   8.3929
 4.6098   7.1539   6.8539   8.8057
 6.0842   7.7772   6.4897   8.0026
 4.8953   6.4780   5.8408   8.3678
 3.9606   6.3026   5.2000   7.3747
 6.9634   7.6062   6.4268   9.2659
 5.0897   7.3268   6.2073   7.5021
 5.5788   8.3673   6.2390   8.4289
 7.0391   8.7312   6.2580   9.2224
 4.5234   8.7163   5.7725   7.9800
 6.7994   8.7297   6.4814   9.3752
 5.0150   7.9723   5.7097   8.4613
 6.3659   7.4470   6.7371   8.4676
 5.8522   8.2651   6.1700   8.2353
 5.9295   7.6384   6.0347   7.2753
 5.6842   6.3295   6.4644   7.8751
 4.8486   6.7713   5.5872   7.5227
 4.9930   6.7749   5.8554   7.9575
 5.9295   7.6314   5.2928   8.4449
 3.6778   5.1097   5.0464   6.4640
 2.7202   6.2194   6.3509   8.2001
 5.0278   7.3520   6.8374   8.6824
 4.1356   7.2289   5.5342   7.6027
 4.2883   5.7655   3.9363   5.8042
 4.8645   7.2368   6.0435   8.0185
 5.8734   7.1610   6.1768   8.2922
 6.1599   7.8939   5.8614   8.1798
 4.5276   7.1464   6.3286   7.3183
 5.9238   7.7301   4.7377   6.9911
 6.3650   8.0398   7.0952   9.3517
 3.9333   7.2108   5.0945   8.2357
 3.3468   4.6357   5.3294   5.8763
 5.4859   7.6301   6.0237   7.8004
 6.1396   7.6256   5.9200   8.3396
 3.8501   5.6590   5.0373   6.7465
 4.7850   6.7050   5.9872   8.6109
 3.4330   6.2568   6.4924   7.0587
 5.0769   6.4967   6.0363   7.6303
 7.5900   7.9877   7.0087   8.7751
 5.0413   7.1556   6.0904   8.2015
 5.3396   7.1787   6.2510   7.8398
 6.3157   7.3161   5.8374   7.8377
 5.4264   7.4055   6.0622   8.7189
 2.6989   6.2977   5.4655   6.7568
 5.3481   6.2713   5.7164   8.1799
 3.3969   7.4378   6.0599   8.8224
 5.6381   6.0562   6.5820   8.1880
 4.9708   7.0908   4.8551   7.7865
 4.8837   6.5186   6.4653   8.2434
 4.8965   7.8342   6.3299   7.3689
 5.2140   7.1588   6.0818   7.6811
 5.5108   6.7290   7.0000   8.2616
 4.3466   7.3532   6.3780   8.2865
 5.8601   7.6597   5.6363   7.6376
 3.8288   6.9011   6.2006   9.1468
 5.0368   5.8903   6.5802   8.2304
 6.2823   5.7681   7.1340   7.7896
 5.7952   6.4822   5.5000   7.9206
 5.2477   4.9635   5.9932   7.6211
 6.2294   7.8494   5.7963   7.9255
 6.9083   7.9085   7.1506   9.2460
 4.6148   6.2428   5.2702   6.7793
 6.2004   8.4404   6.5634   9.2530
 6.2700   7.9734   6.9349   8.9088
 6.6083   7.6179   6.1875   8.6969
 4.1959   5.5169   5.2040   6.0862
 4.4524   7.5155   5.2442   7.2186
 6.2212   6.8459   6.9895   8.0796
 4.6519   6.4710   6.3922   8.5047
 3.1409   6.3357   5.2639   7.7441
 5.6641   8.9010   7.2519  10.3235
 4.9801   7.8868   6.2239   9.2682
 3.5036   5.7927   7.2108   7.9204
 5.2747   7.1732   5.3653   7.5852
 4.2705   6.1656   5.9975   7.6144
 4.3675   6.9619   7.6843   9.0882
 3.8121   6.5756   6.4153   7.0482
 4.8688   7.5244   5.6488   8.4121
 5.7174   5.6932   4.9431   6.1151
 5.4126   6.6179   5.9548   7.4975
 5.7864   8.0137   6.6024   9.3687
 4.2119   7.1503   6.6828   7.8196
 6.2985   7.7577   6.5034   9.2429
 4.9231   5.7882   5.5640   8.7214
 6.9651   8.1765   6.1695   9.1088
 5.3144   7.6233   6.3051   8.5587
 3.3552   5.9014   4.5490   6.1359
 4.7493   6.8622   7.7321   9.3083
 3.5424   6.9758   5.7465   7.8778
 5.8216   7.6648   6.6217   8.5534
 6.3648   7.9030   6.5962   8.2726
 3.4164   6.6474   5.6297   7.7691
 4.6812   6.9305   6.3737   8.1827
 5.0937   6.3635   6.1609   6.9471
 4.5474   6.5248   5.1740   6.9334
 3.7046   5.9797   5.2987   7.0331
 6.4771   6.1819   4.8497   6.9548
 5.1456   8.0212   6.5709   9.1437
 5.3322   8.0150   5.9253   8.5425
 5.5160   6.8198   4.8511   6.8348
 6.7258   6.4998   6.3303   7.4397
 6.5217   5.5349   5.7715   7.1176
 6.5768   8.5013   5.9433   8.1559
 4.0591   6.3837   5.0388   6.9195
 4.1830   5.7023   5.3990   7.9152
 4.1217   6.4377   6.9262   8.2147
 5.4911   6.6479   6.7870   8.5539
 6.1561   7.3930   6.0012   8.2740
 4.4510   7.3907   5.5166   8.5573
 4.4342   6.6629   4.8297   7.0633
 4.9603   6.4365   6.0691   8.2079
 5.5311   6.5486   5.9050   7.8341
 4.9905   5.9424   6.6459   8.4527
 6.5118   5.8187   6.2250   7.5156
 4.3411   7.4954   5.7567   8.4367
 6.7203   7.3127   7.1629   9.6339
 3.5409   6.6727   4.6364   8.1003
 4.4477   7.3437   5.5911   8.7400
 5.4649   5.6088   5.8890   8.0625
 5.0954   6.0953   5.8998   8.0240
 6.1748   6.9285   5.5417   8.2376
 6.2242   7.1961   6.6352   9.2312
 7.5139   8.8077   6.7948   8.5339
 4.5064   7.4653   7.2491   8.4465
 6.2070   6.6781   6.0253   7.7675
 4.2290   7.0850   5.1780   7.6576
 4.7941   6.7366   5.0942   7.7366
 5.9512   7.2483   6.4006   8.6319
 4.9574   6.9166   4.9013   6.8379
 5.7918   7.6598   5.8818   8.3992
 4.1638   7.0364   6.7712   8.5323
 4.5388   6.8544   5.7248   7.2002
 2.4160   6.5424   6.4461   7.3266
 5.3259   8.1051   6.5466  10.0087
 6.1558   7.6842   6.3610   8.7898
 7.1370   7.9978   6.8385   8.6623
 5.3792   6.9636   5.7034   7.0419
 6.5337   7.7400   6.3411   7.8441
 3.8529   6.9234   4.6901   7.5123
 4.9176   7.1751   5.5327   7.9329
 5.1480   7.7149   6.3530   8.7664
 4.7426   6.1569   5.8736   8.1232
 5.6740   7.8700   5.9493   8.7249
 4.4180   7.6392   6.0981   8.2888
 5.0077   6.9653   6.4073   7.2594
 4.1551   7.8101   5.6307   7.7523
 3.6695   6.3893   5.6977   7.3559
 3.0994   6.8002   5.8841   7.8979
 7.7168   8.9428   6.9616   9.7254
 5.3269   6.5540   5.5271   6.5105
 5.5084   7.2343   6.1133   8.1877
 4.9880   8.3441   5.7067   9.5693
 4.9061   6.6439   5.1847   7.1794
 4.2036   6.8722   5.3453   7.5809
 6.4082   8.3830   6.7470   8.5706
 3.9663   6.5205   5.9640   7.1727
 3.9265   5.1718   6.0187   6.7884
 5.8521   6.0471   7.6278   9.2116
 6.4067   8.1141   6.6815   9.3824
 5.2526   5.4951   5.9803   7.0967
 6.5844   6.8507   7.5269   8.3931
 4.4090   7.0155   5.3187   7.8052
 5.3875   5.8695   5.4281   8.2237
 3.8723   6.8714   6.9894   8.8858
 4.2390   7.2251   5.4460   8.5637
 6.4036   7.4036   6.6688   7.6734
 5.8334   6.2849   5.7817   7.0067
 2.5701   5.5367   6.1245   7.2739
 6.6641   8.4051   5.7213   8.7268
 5.9996   6.6952   5.5453   6.9720
 7.1080   7.9994   7.4218   8.5185
 4.8272   7.0791   5.9172   8.4305
 5.4806   8.4004   6.3758   8.7703
 6.5823   6.6690   6.1437   8.0605
 5.7277   8.2403   6.9418   9.0609
 3.7304   7.0061   5.3486   8.0357
 7.4613   7.1865   6.4613   7.8149
 3.7366   7.9631   7.2218   9.7883
 5.5522   6.6864   7.4677   8.8928
 3.4022   6.3549   6.4607   7.1373
 4.8925   5.8408   6.2027   8.0274
 4.4782   7.2026   5.6205   7.6250
 4.8192   7.3845   5.5566   7.9356
 6.2748   8.1842   6.2293   9.2802
 3.9864   6.2135   6.4114   7.8053
 4.6778   7.8768   6.2064   9.1819
 4.3998   7.2526   6.9277   7.5185
 5.6464   8.7500   6.4359   9.4863
 3.5124   6.7357   5.4127   7.8385
 5.7924   6.5127   6.6498   7.7033
 4.2182   6.3650   5.2302   7.5088
 5.6454   7.0225   5.6795   7.8855
 4.5582   7.5091   5.5429   8.3357
 7.2075   9.0401   7.1223   9.8999
 5.6349   7.6884   5.1001   6.7349
 3.8871   6.1893   6.2694   7.6444
 6.1142   8.6699   7.2940   9.5335
 4.7071   6.1718   5.8167   7.5386
    
           
    
   1.6352   4.8913   6.7036   8.5446
   1.3723   5.8462   8.7316  11.9069
 -.198835   2.8190   5.9788  10.8294
   0.7177   5.2381  10.1134  10.4091
   1.5189   5.1368   8.5013  11.3740
   0.5085   4.1357   8.8828  12.2128
 -.730763   3.4461   6.7441   9.6318
   0.5983   7.3447   8.5631  10.5684
   0.6850   1.9164   6.4854  12.7366
 -.114479   3.8644   7.8821   8.9835
 -.287646   5.7346   8.0754   9.9538
   1.9935   4.0853   6.5982   7.4663
   1.1942   4.3018   7.2682  11.3957
   1.6319   4.2791   7.6623   8.1914
   1.4167   3.4489   5.7135   6.5967
   1.8504   3.1592   7.0671  10.6014
   2.7996   4.4914   9.4739  11.9606
   0.6421   5.9913   8.2742   9.4768
   0.9183   3.4775   6.8632   7.8154
   1.0274   3.2746   8.2580  10.7954
   0.1396   3.9232   6.4658  10.0580
   0.1916   6.2177  10.0808  11.5042
   0.5443   5.2036   7.8391  13.4048
   2.4287   3.8473   9.1728   7.9415
   1.2338   5.0395   8.9343  10.5989
   1.3882   5.4691  10.4850  13.5097
   1.2499   3.3139   5.1687  10.3962
   0.2329   4.2284   8.6650   9.4057
   0.1513   5.1680   8.4091   9.1789
   1.7024   4.4796   9.6296   9.7178
   1.3546   1.8670   6.5431   8.7549
   1.5997   2.3458   7.4300  11.2774
   3.0457   1.8730   8.4575   7.2035
  -1.1812   3.7214   8.1354   9.7141
 -.614016   3.4986   8.6251  10.6749
   1.5314   4.0627   8.3996  11.9936
 -.876978   4.6020   6.7518   9.6453
   0.2157   3.8031   7.2028  12.3146
   0.4840   2.9532   8.3696   9.0023
 -0.86138   4.7761   9.9202  10.3646
   0.8534   5.8149  12.4575  13.0860
   0.3012   4.1065   7.5596   8.9602
   1.1341   4.9150   9.1174  10.7056
   1.2209   2.0219   7.5340   8.1205
   2.2194   6.1293  10.2928   9.9617
   1.0121   2.9396   6.9977   9.5544
     -1.3   4.6781   7.9425  14.3693
   2.2752   4.3068   7.9770   8.0922
   0.4302   5.2350   6.9615   9.2312
   0.6813   4.5422  10.2352  10.9779
 -.113116   3.4111   8.6416   9.7141
   1.2384   4.1458   8.3010   8.2116
   0.7403   2.9616   6.5397   4.7584
 -.868295   4.8308   8.5044  10.7077
   1.4949   2.8849   7.8814  11.3010
   0.9062   3.7438   8.2855   6.7051
   2.2751   4.1170   8.2064   9.8131
 -.038507   5.6651   8.4358   8.6325
   3.3473   1.9547   8.1399   9.3332
   -1.517   5.8680   7.5956   9.2960
   0.7927   4.1227   8.5946  11.8005
   0.7363   3.4548   6.0792   8.3412
   2.8297   3.3843   9.1986   8.4639
   1.8937   4.2614   8.4648   5.2360
   2.1950   3.8521   7.8325   8.1324
   0.6544   3.6566   9.4418  10.4989
   0.3733   2.1118   7.2455  10.0668
   0.2258   7.8206   8.9597  10.5506
   2.5809   6.3483   9.0943   9.3861
 -.349031   5.1364   9.3588   9.2740
  -1.3453   3.5792   7.8771  13.9763
   0.8996   6.2882   7.6863   6.6540
   2.2821   4.0269   8.3534   6.9655
   1.3028   3.0603   9.0206  11.5164
   1.3616   5.6239   9.0790   9.5353
   1.5439   5.4055   8.5966   9.4270
   1.5236   4.3643  10.4302  12.1047
   1.3478   2.5326   6.8960   9.5565
   1.1619   5.4196   7.4754   9.4789
   1.8394 -.289998   5.1466  11.2472
   1.6725   4.0471   8.0155   9.8381
   1.2370   4.2727   7.2570  11.4780
 .0370634   6.0643   8.7904  12.1356
   2.7494   2.5893   7.8869  11.6653
   1.9960   2.2585   6.8641   9.6704
   2.4312   5.2180   8.9329   9.8077
 -.673588   5.1433   7.3514   8.7658
   2.1183   4.0312   6.8329  10.6086
   2.2974   5.7121   9.0087  10.1674
 .0404131   5.1454   9.0594  10.2965
  -1.0965   1.7931   6.6938  10.8502
 -.214995   5.2441   8.7690  11.1291
   0.1526   4.1501   8.0086  10.1632
   2.7686   5.7835   8.5829   7.7437
   0.6853   6.3112   6.5254   8.0214
   2.1935   5.0532   7.1882   9.2286
   0.7087   4.3981   7.7287   8.9448
   1.5332   3.3674   7.6230  10.6011
   2.7170   1.8402   8.8738   8.9595
   0.2140   2.1103   7.4460   8.8609
 -.348096   5.9339   7.2643  11.0003
  -1.3631   4.9282   7.7208  12.6078
   1.5133   1.5711   6.6576   8.7333
   1.9106   4.2970   9.9432  12.1748
   1.6275   4.5464   9.8173   9.3182
 -.735563   3.7027   6.3775   9.4688
   2.3806   4.6053   9.6107   8.2824
   0.3646   3.1111   7.2652   7.8013
   2.2553   4.5003   8.6390   8.5752
   1.6100   5.2851   8.9733   9.5533
   0.9722   4.4385   7.0545   9.5336
   3.8037   1.0878   6.2191   7.1768
 -.202273   4.3334   6.1161   7.4339
   1.6226   5.9488   7.9422   9.2925
   1.0076   4.0057   5.7709   5.4142
   2.3958   4.7671   8.7832   8.4558
   1.9173   3.6905   5.7705   7.2086
 -.059563   3.7019   7.8955  10.8728
 -.463514   4.6114   9.2931   9.8607
   1.5247   1.9653   7.0477  12.0418
   0.7165   3.0472   7.4226  10.7568
 0.036214   4.1795   7.4135  10.5734
   0.4086   3.8965   7.7122  12.6971
 -.453003   1.8135   6.4616  10.9342
   2.0110   3.2979  10.1212  11.4120
   0.5917   5.5647  10.3729   9.1141
   0.8686   1.6985   6.5108   7.4293
   4.2764   4.7474   6.9378   9.2163
   2.2077   2.8526   6.9418   7.9116
   2.5641   3.9766   9.1047   7.4789
   1.2749   3.1274   8.9333  10.3792
 .0906082   8.6754   7.7621   7.8654
   2.7293   1.0642   7.1221  10.9013
   1.9966   3.0382   8.3077  11.8956
 -.477397   6.8680   7.8385  11.5651
   1.2766   5.5606   6.7141   9.7153
   2.3213   3.8925   7.8124   6.9328
 -.097323   3.9439   7.7186  11.0958
 -.960708   3.6205   6.1888  11.5145
   3.3799   6.0412   9.3093   9.9656
   0.7916   4.4974   7.4345  10.7350
 -.399227   4.7592   7.2785   9.7976
   -1.395   6.5025  11.1040  14.4155
   0.5876   1.9017   7.6759  10.2531
   1.0327   3.2663   7.5597  11.2000
   1.3292   6.8677   9.3052   8.9732
   1.5460   4.6304   7.4117  10.7669
 -.118862   1.2050   5.8339  10.2815
   1.0554   6.1537   8.4601  10.1598
 -.369766   2.8621   7.8224  11.5610
   4.1648   4.5367   9.1334   8.5588
   0.1258   6.3785  10.2373   9.7740
 .0925891   1.2643   5.4685   7.5237
   1.0326   2.9867   6.9892   8.7221
   1.4901   3.0167   8.6535  13.1673
   0.7153   6.9045   8.1713  11.2444
   0.3598   3.4507   8.4187   9.6686
   1.9472   2.5608   6.0370   8.7855
 -.036253   7.2226   9.2060  13.1452
   1.3813   4.1018   7.2166   7.7625
   2.0574   3.9135   8.7912   9.3927
   1.1118   5.7682   8.6345  11.3747
   0.9896   3.5891   8.0018  10.0396
   0.5887   2.2775   7.1621   8.8196
   0.3890   3.7743   7.3018  10.0277
 .0615572   3.3902   7.2438  10.6621
   2.0637   2.6426   6.3094   6.6420
   1.2596   2.9063   7.3294   8.1281
   1.5162   1.0737   6.6330  11.4422
   0.3416   4.3808   9.0693  10.6860
   1.9132   4.1423  10.2983   9.9258
   2.7122   3.8486   9.3725   8.1708
 -0.60366   4.9239   8.7187  10.1500
  -1.2786   3.7342   8.1653  10.3723
   1.4451   2.0613   7.6740   8.7658
 -0.27177   5.0444   8.7142  11.3592
   0.8542   3.0522   5.8500   6.5486
 -.506823   5.7151  10.1521  13.9423
 -.613458   5.9545   8.1001   9.7344
 -.800733   3.5685   6.7367  10.2323
 -.115612   5.6172   8.7273  10.5436
   1.6839   3.0243   5.3020   9.2161
   0.4596   4.5019   7.8223   9.5349
   1.3192 -.021683   6.7291   9.5414
   1.5518   4.4132   9.7552   9.0340
   1.6814   2.2459   7.3560   7.9935
   0.4651   3.3009   7.5650  10.6301
   1.1044   3.9870   8.2464  10.2195
   2.2143   2.6089   5.8911   7.4444
   0.9629   4.7995   7.8250   9.8446
   0.5685   3.7349   8.9007  14.0834
 .0727634   4.2884   6.7927   7.0303
   2.8631   2.9556   8.0416   9.1843
 -0.37479   6.3220   8.9134  10.0913
   1.5771   2.8370   7.0863  10.1366
   1.8227   2.6717   8.2527   9.2507
   0.9274   2.7610   6.8777   7.0592
 -.930597   7.8673   8.4235   9.6097
   0.6125   6.2034  10.4871   8.9613
   0.5905   3.9617   6.3001   6.6302
 .0652377   4.5901   7.7253   9.1416
   3.6488   2.4987   9.5117  11.0124
   0.4907   3.8993   8.1717  12.3312
   0.4190   5.1719   6.7645   7.8911
 -.481679   1.1044   5.8751   9.6868
   1.0162   5.1326   7.0388   9.2580
   1.6675   5.8547   9.1927   9.2609
   1.8883   5.0398   8.3994   8.7656
 -.625585   5.7109  11.0321  12.4615
  -1.1034   6.9476   8.5064   8.0818
   1.2403   2.4820   6.2924  10.4596
   0.1240   4.8008   7.4711   5.2792
   0.7253   3.0212   7.6422  10.4270
   0.8621   4.6765   8.0288  10.8719
 .0237473   4.0021   6.7510  12.6764
   2.9649   3.3928   9.2426   8.5312
   0.5647   4.0050   8.4407   9.5300
 -.306175   3.5928   7.6826   8.0377
   1.9168   5.0913   9.3267   8.4342
   2.2579   5.7402   9.7473  10.7637
   2.8001   2.9589  10.0167   9.7155
   1.9272   4.9228   8.0685   7.4472
   0.4043   3.5144   8.1484  10.9952
 -.126127   5.8745   7.9919  10.4960
   3.1759   3.6769   9.7304   7.4695
   0.9735   0.5367   5.9346   9.2193
 -.117367   5.5594   8.8837  10.7342
 -.493701   4.9803   9.7728  10.3304
   0.7630   4.7982   7.0052  11.3841
 -0.65505   4.6626   7.6776   9.0977
   0.3149   5.9128   8.0687  12.2789
   0.2609   4.9002   8.5222  10.9848
 -.459492   5.6042   8.7763  11.7921
 -.152662   4.6845   7.1790   8.8197
   1.4996   4.7394   7.2736  11.7454
   0.6083   5.5474   6.9716  11.3167
   1.4279   3.7773   7.6399   9.4784
   0.3152   5.4385   6.4086  10.6063
   0.8384   5.1263   8.7001   8.4151
   0.7064   2.8622   5.8347  10.7699
   1.9615   1.3709   6.5714   8.9143
 -.063041   0.1902   6.8904  11.7792
   3.0863   3.5959   7.9438   8.5560
   2.1004   4.6525   9.7924  11.9765
   5.6157   7.3945  11.7698   9.5435
   0.3681   4.0025   8.6845  11.4557
   1.7879   4.2328   9.2514  11.5052
 -.688336   2.8067   6.2784  10.7189
   0.7289   5.5457  10.2830  14.2424
   1.1133   3.9686   9.0989   9.3970
   2.1882   3.9498   5.9972   7.8240
   2.6279   4.2136   7.4623   8.3006
 -.967803   3.5032   8.0972  12.9845
   1.1305   4.5924   8.1110   8.3629
 -.653464   4.9904   6.4567   9.0088
 .0808151   6.8846   9.3895  10.6065
   1.7054   4.7326   6.7462   8.4246
   1.5101   1.6007   7.4713   9.5460
 -.228779   2.7730   6.5555  10.9285
  -1.1857   5.6831   7.5439   8.9368
   1.1313   4.1415   7.0665   9.1037
   0.5643   5.4758   8.8693  11.2138
   1.0832   3.3785   7.9305  10.6678
   2.9729   4.6941   6.4358   7.5017
   0.5585   3.9142   7.9192   8.3790
   1.8562   3.3716   7.6216  11.6133
   2.5462   2.8804   8.3882  11.7895
   1.1785   7.2127   7.4823   8.1602
   1.0851   4.9441   9.0511   8.5403
 -.244021   6.0460   9.8578  10.7654
 -.761794   5.5870  10.2752   9.4596
   1.8888   2.6870   9.5966  12.5164
   1.9933   3.1096   7.3434  11.1244
   1.8434   2.4734   6.0323   9.8156
   1.4893   2.6580   6.6540   9.3209
   1.6369   6.0107   6.6443   4.9350
   0.4688   4.5629   8.0641  11.7426
 .0604429   5.3420   8.0793  12.7245
   3.1172   3.7905   8.1880   9.0480
   0.1626   3.2349   9.0943   8.1718
   1.4408   4.4630   9.8319  13.0194
   0.9901   6.9326   9.2299  11.1641
   1.2521   4.3952   8.9547  11.7888
 -0.80209   3.4825   8.6683  11.5592
 -.041255   3.2345   7.9567   7.4317
 -.225672   3.5627   8.6783   9.7479
 -.148412   3.7197   6.3925   9.5791
   0.3082   1.8450   6.5456   8.5943
   0.4265   1.2761   6.8115   7.1689
   2.8612   2.7792   7.5484   7.5102
 .0969405   5.1826   6.6786   7.1650
 -.017132   4.0330   6.5508  11.6575
   1.3318   3.3657   6.0837   9.6730
   1.5849   5.0301   6.6620   9.0598
   1.4340   4.6995   6.7265  10.2356
   1.5436   3.7775   8.1425   8.9756
   1.9329   2.6246   8.5551  12.9787
   0.3931   4.5907   7.0525  11.3089
   2.0582   4.1570   8.0440   6.6732
   1.4495   5.5998   9.0825  12.1334
  -1.7676   4.6847   6.8663   9.6074
 -.796092   4.6618   7.8180  12.1017
   0.7942   5.1024   7.7401   9.9146
  -1.1482   5.7259   7.4388  12.7294
   1.9279   6.1148  10.8221  11.5573
 -.011811   7.5599   7.2726  10.9654
   0.1001   4.3077   7.7268  10.6069
   0.4323   5.3632   8.6651   8.0468
  -1.5592   4.3961   8.0445   8.5497
  -1.4849   3.4565   7.0509  11.4489
   1.2650   5.0847   8.7305  11.3170
   1.0720   3.5380   7.1008   9.9089
 -.119751   5.6189   7.6357   7.4954
   1.2922   4.7369   7.3797  10.4915
   1.4998   1.7882   8.1005  13.7167
   0.4357   6.3093  10.0769  12.3348
   0.7454   4.5528   7.9995  11.1214
 -.616387   2.9946   8.9282  11.3688
   1.1195   5.5450   8.7722   7.2825
 -.240647   4.3814   8.1463   9.1602
   2.4217   3.8088   8.7707   7.8005
 -.158221   3.8806   7.4749   9.6565
   1.0969   1.1328   7.9387   8.4015
   1.8468   2.6315   9.0429  10.4235
   0.4604   2.6114   6.9286   9.1113
 -.249549   6.0571   8.6361  12.8740
   2.1010   3.8957   7.4523  10.3214
   0.9194   3.3267   6.9979   8.1124
   -1.019   5.7025   7.4208  10.3035
   1.7521   2.3591   8.0764   8.1182
   1.1409   1.3738   6.8888   7.4067
   0.9233   4.5265   8.9040  11.4771
   0.8038   4.1820   7.8285  11.0512
   1.2983   3.1286   7.5344  10.1303
   1.4760   3.9534   6.7322  11.1003
   0.1696   2.7169   5.9068   9.3477
 -.159767   6.4396   8.6450  10.0894
   1.2089   2.5481   8.2425  10.2581
   1.4924   4.2706   7.7558   9.8797
   1.5163   3.8772   8.3642   9.8139
   2.9167   3.7866   9.3549  11.5092
   2.0451   4.0092   6.5950   5.1034
   0.5669   5.1880   7.7749   8.8191
   0.4898   3.7736   6.9051   9.6242
   3.4224   6.1866   9.8974   8.9614
  -1.8809   3.8536   4.6933   8.9633
   3.0387   2.8186   8.6697  11.5355
   1.5955   5.5098   7.5725   9.7958
  -1.7874   5.3760   7.3883  11.3779
   2.7240   1.3065   9.1912  10.6917
 -.100741   1.8512   7.9061  10.1012
   0.2440   2.6568   8.9451   8.1817
   3.2116   1.3069   7.1405   9.8075
   2.1274   4.8380   8.6595   9.7839
   1.8636   0.5049   4.5184   7.0778
   1.5873   3.9461   9.9802  10.5293
   0.5121   2.8198   7.1295  10.2491
  -1.4077   3.2345   7.5426  10.2819
 -0.62048   5.6743   7.0857   9.7458
   0.8910   6.7119  11.4349  11.5980
   3.3761   2.5407   7.3572  11.2341
   0.3127   6.4199   8.7678  11.3404
   0.8271   2.5612   7.7610   9.3618
   0.3882   3.9794   6.5855   8.9718
   3.6179   3.7303  11.0481  11.6140
   1.0375   2.4866   8.0363   8.6637
   2.2805   2.8659   6.8418   6.1003
   0.6992   4.5843   8.3566  11.9725
   0.5778   3.2789   7.4569  13.0430
  -1.4584   5.9044   9.2183  14.0441
   1.9407   0.2839   7.6507  11.9848
 0.021212   5.2387   8.0646   9.8007
   0.8760   4.9528   7.4661  10.2049
   0.7100   3.3528   4.8243   9.4044
   2.3836   1.2199   7.1404  11.1932
   0.2805   2.1713   7.3476  10.8338
   1.6806   5.5209   9.3669   9.4225
   1.7078   6.0410   9.2723  13.3793
   1.4206   3.4865   6.7056   7.2699
   1.2541   3.9475   7.3418   8.8264
   1.8231   4.7453   6.1794   9.8377
   1.0727   4.1984   7.3836   8.3912
   2.0528   3.7527   7.4938   9.2357
   3.1382   3.7384   9.0216   9.4883
   0.6196   5.6070  10.1142  11.2877
   0.8531   4.3046   9.4674   8.7901
  -1.9899   6.0441   8.5847  12.5641
   0.8509   3.5025   7.1893  10.2024
   0.2992   2.3286   7.2827   9.6127
 -.039209   4.4295   8.2649  11.7573
   2.3652   2.6671   8.0770   7.5406
   1.7033   4.6723   7.9470  10.3101
   0.4474   4.4667   8.8089  10.2843
   1.1207   2.1700   7.2851   8.9954
   1.9319   4.3720  10.9671  13.3720
   1.3386   3.5758   9.5690   9.8468
   0.5139   4.8506   8.0669  11.7585
   0.2468   3.3596   8.8163  10.5488
   0.8782   1.8391   6.3097  12.1019
 0.028544   5.6163   8.4677   9.2027
    
    
    
